PrDM	T090C	T190C	C0S/m	C1S/m	Par	Sbeox0Mm/Kg	Sal11	C2-C1S/m	T2-T190C	CStarTr0	Latitude	Longitude	FlECO-AFL	ModError	T2-T190C	Sal00	Sal11	SecS-priS	C2-C1S/m	DepSM	Sal00	Sal11	Sigma-t00	Sigma-t00	T2-T190C	C2-C1S/m	SecS-priS	Flag
5.05	-1.585	-1.5825	2.629431	2.62979	1.39E+02	334.271	33.0705	0.000337	0.0025	90.0059	-66.25447	-67.34011	0.6567	0	0.0025	33.0679	33.0702	0.0019	0.000359	5	33.0679	33.0702	26.6049	26.6049	0.0025	0.000359	0.0019	0.00E+00
6.06	-1.5436	-1.543	2.636348	2.636333	1.24E+02	333.89	33.115	-0.000022	0.0005	90.0134	-66.25448	-67.34012	0.6881	0	0.0005	33.1168	33.116	-0.0009	-0.000015	6	33.1168	33.116	26.6435	26.6435	0.0005	-0.000015	-0.0009	0.00E+00
7.07	-1.5362	-1.5349	2.63765	2.637586	1.08E+02	333.358	33.1226	-0.000071	0.0014	90.2001	-66.25448	-67.34012	0.7729	0	0.0014	33.126	33.1236	-0.0025	-0.000064	7	33.126	33.1236	26.6507	26.6507	0.0014	-0.000064	-0.0025	0.00E+00
8.08	-1.5613	-1.5597	2.633703	2.633675	9.39E+01	333.742	33.0967	-0.000033	0.0015	90.281	-66.25448	-67.34014	0.8721	0	0.0015	33.0987	33.0966	-0.0022	-0.000028	8	33.0987	33.0966	26.6293	26.6293	0.0015	-0.000028	-0.0022	0.00E+00
9.09	-1.568	-1.5664	2.632624	2.632644	8.13E+01	333.751	33.0893	0.000014	0.0016	90.4946	-66.25448	-67.34014	0.9437	0	0.0016	33.0906	33.0891	-0.0016	0.00002	9	33.0906	33.0891	26.6229	26.6229	0.0016	0.000021	-0.0016	0.00E+00
10.1	-1.5648	-1.5651	2.633116	2.63285	7.14E+01	334.109	33.0901	-0.000267	-0.0003	90.6402	-66.25448	-67.34015	0.9587	0	-0.0003	33.0933	33.09	-0.0034	-0.000266	10	33.0933	33.09	26.625	26.625	-0.0003	-0.000266	-0.0034	0.00E+00
11.11	-1.5685	-1.5709	2.632333	2.631736	6.34E+01	334.104	33.0806	-0.000587	-0.0023	90.5635	-66.25446	-67.34016	0.9565	0	-0.0023	33.086	33.0803	-0.0055	-0.000597	11	33.086	33.0803	26.6191	26.6191	-0.0023	-0.000597	-0.0055	0.00E+00
12.12	-1.5704	-1.5697	2.632101	2.631995	5.58E+01	333.161	33.0822	-0.000113	0.0007	90.6057	-66.25446	-67.34017	0.9026	0	0.0007	33.0842	33.082	-0.0023	-0.000106	12	33.0842	33.082	26.6178	26.6178	0.0007	-0.000106	-0.0023	0.00E+00
13.13	-1.5649	-1.5655	2.633251	2.632918	4.92E+01	331.861	33.0894	-0.000339	-0.0006	90.5187	-66.25446	-67.34018	0.9259	0	-0.0006	33.0934	33.0895	-0.004	-0.000334	13	33.0934	33.0895	26.625	26.625	-0.0006	-0.000334	-0.004	0.00E+00
14.14	-1.5138	-1.5217	2.641627	2.640068	4.40E+01	331.925	33.1373	-0.001532	-0.0079	90.4936	-66.25446	-67.34018	0.9923	0	-0.0079	33.1515	33.1387	-0.0124	-0.00156	14	33.1515	33.1388	26.6709	26.6709	-0.0079	-0.00156	-0.0124	0.00E+00
15.15	-1.4276	-1.4484	2.65538	2.651663	3.97E+01	330.621	33.2132	-0.003641	-0.0208	90.5336	-66.25446	-67.34019	1.0371	0	-0.0208	33.2443	33.2163	-0.027	-0.003718	15	33.2445	33.2164	26.744	26.744	-0.0208	-0.003718	-0.027	0.00E+00
16.16	-1.2158	-1.2148	2.691246	2.691001	3.54E+01	332.765	33.4851	-0.000294	0.001	90.6334	-66.25446	-67.3402	1.0746	0	0.001	33.4996	33.4952	-0.0051	-0.000244	16	33.4998	33.4954	26.9448	26.9448	0.001	-0.000244	-0.0051	0.00E+00
17.171	-1.126	-1.1216	2.707557	2.708581	3.12E+01	335.218	33.6204	0.000992	0.0044	90.7977	-66.25446	-67.34021	1.0415	0	0.0044	33.6218	33.6309	0.0087	0.001024	17	33.6218	33.6309	27.0407	27.0407	0.0044	0.001024	0.0087	0.00E+00
18.181	-1.1185	-1.119	2.71347	2.713313	2.81E+01	326.248	33.684	-0.000162	-0.0006	90.9384	-66.25446	-67.34022	0.9573	0	-0.0006	33.6936	33.692	-0.0016	-0.000158	18	33.6936	33.692	27.0987	27.0987	-0.0006	-0.000158	-0.0016	0.00E+00
19.191	-1.1722	-1.1752	2.709893	2.70955	2.60E+01	311.2	33.6988	-0.00034	-0.003	91.1169	-66.25446	-67.34023	0.8165	0	-0.003	33.7044	33.7031	-0.0013	-0.000342	19	33.7044	33.7031	27.1093	27.1093	-0.003	-0.000342	-0.0013	0.00E+00
20.201	-1.2567	-1.2597	2.704081	2.703754	2.41E+01	300.364	33.7177	-0.000326	-0.003	91.6425	-66.25446	-67.34024	0.7748	0	-0.003	33.7194	33.7183	-0.0011	-0.000328	20	33.7194	33.7183	27.1243	27.1243	-0.003	-0.000328	-0.0011	0.00E+00
21.211	-1.2899	-1.2899	2.702402	2.702217	2.20E+01	297.178	33.731	-0.000192	0	92.0283	-66.25446	-67.34024	0.7447	0	0	33.7331	33.7306	-0.0026	-0.000185	21	33.7331	33.7306	27.1364	27.1364	0	-0.000185	-0.0026	0.00E+00
22.221	-1.288	-1.2877	2.702754	2.70261	2.00E+01	296.186	33.7331	-0.00015	0.0003	92.321	-66.25447	-67.34025	0.7262	0	0.0003	33.7352	33.7328	-0.0024	-0.000144	22	33.7352	33.7328	27.1381	27.1381	0.0003	-0.000144	-0.0024	0.00E+00
23.231	-1.2778	-1.2782	2.70376	2.703546	1.85E+01	295.136	33.7343	-0.000214	-0.0004	92.7594	-66.25448	-67.34026	0.7269	0	-0.0004	33.7368	33.7344	-0.0024	-0.000213	23	33.7368	33.7344	27.1391	27.1391	-0.0004	-0.000214	-0.0024	0.00E+00
24.241	-1.27	-1.2703	2.704602	2.704404	1.72E+01	294.915	33.7362	-0.000199	-0.0003	93.0245	-66.25448	-67.34026	0.7111	0	-0.0003	33.739	33.7366	-0.0024	-0.000198	24	33.739	33.7366	27.1405	27.1405	-0.0003	-0.000198	-0.0024	0.00E+00
25.251	-1.2616	-1.2613	2.705741	2.705647	1.59E+01	295.903	33.7423	-0.000098	0.0003	93.3263	-66.25448	-67.34028	0.6989	0	0.0003	33.7445	33.7428	-0.0017	-0.000095	25	33.7445	33.7428	27.1448	27.1448	0.0003	-0.000095	-0.0017	0.00E+00
26.261	-1.263	-1.2627	2.705935	2.705827	1.46E+01	296.094	33.7459	-0.000112	0.0003	93.5786	-66.25448	-67.34028	0.6921	0	0.0004	33.7482	33.7463	-0.0019	-0.000108	26	33.7482	33.7463	27.1478	27.1478	0.0004	-0.000108	-0.0019	0.00E+00
27.271	-1.2621	-1.2631	2.706137	2.705888	1.35E+01	297.761	33.7467	-0.000247	-0.001	93.7429	-66.25448	-67.34029	0.6588	0	-0.001	33.7493	33.747	-0.0023	-0.000249	27	33.7493	33.747	27.1487	27.1487	-0.001	-0.000249	-0.0023	0.00E+00
28.282	-1.2604	-1.2604	2.70666	2.706504	1.25E+01	297.331	33.7514	-0.000157	0.0001	93.8529	-66.25448	-67.3403	0.6645	0	0.0001	33.7539	33.7517	-0.0022	-0.000155	28	33.7539	33.7517	27.1524	27.1524	0.0001	-0.000155	-0.0022	0.00E+00
29.292	-1.2563	-1.2557	2.707651	2.707512	1.15E+01	294.654	33.7593	-0.00014	0.0006	94.0521	-66.25448	-67.34031	0.586	0	0.0006	33.7622	33.7596	-0.0026	-0.000139	29	33.7622	33.7596	27.1589	27.1589	0.0006	-0.000139	-0.0026	0.00E+00
30.302	-1.2956	-1.291	2.705355	2.705493	1.06E+01	296.234	33.7721	0.000126	0.0046	94.1913	-66.25448	-67.34032	0.5665	0	0.0046	33.7744	33.7712	-0.0034	0.000139	30	33.7744	33.7712	27.1702	27.1702	0.0046	0.000139	-0.0034	0.00E+00
31.312	-1.3332	-1.3334	2.703939	2.703776	9.86E+00	298.713	33.7968	-0.000162	-0.0002	94.3184	-66.25448	-67.34032	0.607	0	-0.0003	33.7968	33.7949	-0.002	-0.000164	31	33.7968	33.7949	27.1895	27.1895	-0.0003	-0.000163	-0.002	0.00E+00
32.322	-1.3905	-1.3895	2.701432	2.701303	9.20E+00	301.297	33.8271	-0.000128	0.0009	94.3933	-66.25448	-67.34032	0.5734	0	0.001	33.8266	33.8238	-0.0028	-0.000129	32	33.8266	33.8238	27.2155	27.2155	0.001	-0.000129	-0.0028	0.00E+00
33.332	-1.4218	-1.4218	2.699486	2.699322	8.57E+00	304.055	33.8359	-0.000163	0.0001	94.4831	-66.25448	-67.34034	0.5144	0	0.0001	33.8348	33.8324	-0.0023	-0.000165	33	33.8348	33.8324	27.2231	27.2231	0.0001	-0.000165	-0.0023	0.00E+00
34.342	-1.4502	-1.45	2.697385	2.697229	8.03E+00	303.664	33.8385	-0.000154	0.0002	94.5428	-66.25448	-67.34034	0.4602	0	0.0002	33.8373	33.8349	-0.0024	-0.000155	34	33.8373	33.8349	27.226	27.226	0.0002	-0.000155	-0.0024	0.00E+00
35.353	-1.4383	-1.439	2.698737	2.698512	7.55E+00	302.607	33.8419	-0.000222	-0.0007	94.6259	-66.25448	-67.34036	0.4787	0	-0.0007	33.8419	33.8395	-0.0023	-0.000225	35	33.8419	33.8395	27.2293	27.2293	-0.0007	-0.000225	-0.0023	0.00E+00
36.363	-1.4359	-1.4359	2.699209	2.69903	7.00E+00	302.851	33.8442	-0.000179	0	94.8872	-66.25448	-67.34036	0.4626	0	0	33.845	33.8425	-0.0025	-0.000179	36	33.845	33.8425	27.2318	27.2318	0	-0.000179	-0.0025	0.00E+00
37.373	-1.4477	-1.4473	2.698619	2.698438	6.34E+00	301.576	33.8481	-0.000181	0.0004	95.0539	-66.25448	-67.34037	0.4624	0	0.0004	33.8496	33.8466	-0.003	-0.00018	37	33.8496	33.8466	27.2359	27.2359	0.0004	-0.00018	-0.003	0.00E+00
38.383	-1.4441	-1.4438	2.699959	2.699823	5.92E+00	300.362	33.8622	-0.000136	0.0003	95.1966	-66.25448	-67.34038	0.4342	0	0.0003	33.8634	33.8611	-0.0022	-0.000136	38	33.8634	33.8611	27.247	27.247	0.0003	-0.000136	-0.0022	0.00E+00
39.393	-1.446	-1.4462	2.70008	2.699903	5.64E+00	299.643	33.8653	-0.000176	-0.0002	95.2408	-66.25448	-67.34038	0.4132	0	-0.0002	33.8666	33.8644	-0.0022	-0.000177	39	33.8666	33.8644	27.2497	27.2497	-0.0002	-0.000177	-0.0022	0.00E+00
40.403	-1.4391	-1.4395	2.701031	2.700818	5.38E+00	298.85	33.8692	-0.000213	-0.0004	95.3011	-66.25449	-67.34038	0.4157	0	-0.0004	33.8713	33.8687	-0.0025	-0.000213	40	33.8713	33.8687	27.2532	27.2532	-0.0004	-0.000213	-0.0025	0.00E+00
41.414	-1.45	-1.4497	2.70099	2.700825	5.05E+00	298.977	33.8805	-0.000165	0.0003	95.3701	-66.2545	-67.34038	0.39	0	0.0003	33.8824	33.8798	-0.0026	-0.000164	41	33.8824	33.8798	27.2626	27.2626	0.0003	-0.000164	-0.0026	0.00E+00
42.424	-1.4548	-1.4546	2.701036	2.700876	4.59E+00	298.655	33.8861	-0.00016	0.0002	95.5187	-66.2545	-67.34038	0.3428	0	0.0002	33.8879	33.8854	-0.0025	-0.00016	42	33.8879	33.8854	27.2672	27.2672	0.0002	-0.00016	-0.0025	0.00E+00
43.434	-1.4573	-1.4572	2.70111	2.700955	4.23E+00	298.284	33.8894	-0.000154	0.0001	95.6277	-66.2545	-67.34039	0.3214	0	0.0001	33.8911	33.8889	-0.0022	-0.000155	43	33.8911	33.8889	27.2699	27.2699	0.0001	-0.000154	-0.0022	0.00E+00
44.444	-1.4586	-1.4584	2.701271	2.701112	4.02E+00	297.771	33.8922	-0.000159	0.0002	95.6662	-66.2545	-67.3404	0.3283	0	0.0002	33.8942	33.8917	-0.0024	-0.000158	44	33.8942	33.8917	27.2724	27.2724	0.0002	-0.000159	-0.0024	0.00E+00
45.454	-1.458	-1.4583	2.70165	2.701468	3.83E+00	296.322	33.8962	-0.000181	-0.0003	95.6689	-66.2545	-67.3404	0.3302	0	-0.0003	33.8981	33.8959	-0.0022	-0.000182	45	33.8981	33.8959	27.2756	27.2756	-0.0003	-0.000182	-0.0022	0.00E+00
46.465	-1.4423	-1.4428	2.703581	2.703359	3.59E+00	295.081	33.9035	-0.000222	-0.0004	95.7468	-66.2545	-67.3404	0.3448	0	-0.0004	33.9063	33.9037	-0.0026	-0.000222	46	33.9063	33.9037	27.2818	27.2818	-0.0004	-0.000222	-0.0026	0.00E+00
47.475	-1.4409	-1.4411	2.704389	2.704184	3.31E+00	293.91	33.9123	-0.000205	-0.0001	95.7414	-66.2545	-67.3404	0.3272	0	-0.0001	33.9152	33.9126	-0.0027	-0.000205	47	33.9152	33.9126	27.289	27.289	-0.0001	-0.000205	-0.0027	0.00E+00
48.485	-1.4235	-1.4254	2.706316	2.705988	3.08E+00	291.259	33.9184	-0.000322	-0.002	95.7801	-66.2545	-67.34042	0.3142	0	-0.002	33.9213	33.919	-0.0022	-0.000328	48	33.9213	33.919	27.2934	27.2934	-0.002	-0.000328	-0.0022	0.00E+00
49.495	-1.39	-1.3909	2.709632	2.7094	2.93E+00	289.056	33.9245	-0.000231	-0.0009	95.7831	-66.2545	-67.34042	0.2816	0	-0.0009	33.9283	33.9261	-0.0022	-0.000232	49	33.9283	33.9261	27.298	27.298	-0.0009	-0.000232	-0.0022	0.00E+00
50.506	-1.3725	-1.3726	2.711585	2.711394	2.81E+00	288.795	33.9304	-0.000194	-0.0001	95.7936	-66.2545	-67.34042	0.2804	0	-0.0001	33.9347	33.9322	-0.0025	-0.000191	50	33.9347	33.9322	27.3027	27.3027	-0.0001	-0.000191	-0.0025	0.00E+00
51.516	-1.3824	-1.383	2.710956	2.710742	2.63E+00	289.189	33.9335	-0.000213	-0.0006	95.8376	-66.2545	-67.34042	0.283	0	-0.0006	33.9366	33.9344	-0.0022	-0.000214	51	33.9366	33.9344	27.3046	27.3046	-0.0006	-0.000214	-0.0022	0.00E+00
52.526	-1.3894	-1.3878	2.710523	2.710482	2.42E+00	289.634	33.9351	-0.000045	0.0016	95.8615	-66.2545	-67.34044	0.2679	0	0.0016	33.938	33.9357	-0.0024	-0.00004	52	33.938	33.9357	27.3059	27.3059	0.0016	-0.00004	-0.0024	0.00E+00
53.536	-1.3965	-1.3964	2.710018	2.709857	2.29E+00	290.176	33.9361	-0.000162	0.0001	95.9315	-66.2545	-67.34044	0.2254	0	0.0001	33.9385	33.9362	-0.0023	-0.000161	53	33.9385	33.9362	27.3065	27.3065	0.0001	-0.000161	-0.0023	0.00E+00
54.547	-1.4019	-1.4017	2.709779	2.709641	2.20E+00	290.365	33.9386	-0.000139	0.0002	95.9501	-66.2545	-67.34044	0.2229	0	0.0003	33.9408	33.9386	-0.0022	-0.000138	54	33.9408	33.9386	27.3085	27.3085	0.0003	-0.000138	-0.0022	0.00E+00
55.557	-1.4061	-1.4063	2.709599	2.709456	2.11E+00	290.876	33.9408	-0.000143	-0.0002	95.9902	-66.2545	-67.34044	0.226	0	-0.0002	33.9424	33.9406	-0.0018	-0.000143	55	33.9424	33.9406	27.31	27.31	-0.0002	-0.000143	-0.0018	0.00E+00
56.567	-1.4343	-1.4351	2.70807	2.707823	1.98E+00	290.903	33.9513	-0.000244	-0.0008	96.013	-66.2545	-67.34044	0.2478	0	-0.0008	33.9528	33.9503	-0.0025	-0.000247	56	33.9528	33.9503	27.3193	27.3193	-0.0008	-0.000247	-0.0025	0.00E+00
57.577	-1.4571	-1.4574	2.706429	2.706243	1.84E+00	291.548	33.9546	-0.000187	-0.0003	96.0595	-66.2545	-67.34044	0.2164	0	-0.0003	33.9555	33.9532	-0.0023	-0.000187	57	33.9555	33.9532	27.3222	27.3222	-0.0003	-0.000187	-0.0023	0.00E+00
58.588	-1.4868	-1.4863	2.704441	2.704237	1.75E+00	291.902	33.9597	-0.000204	0.0005	96.1558	-66.2545	-67.34045	0.1778	0	0.0006	33.9612	33.9578	-0.0034	-0.000203	58	33.9612	33.9578	27.3277	27.3277	0.0006	-0.000203	-0.0034	0.00E+00
59.598	-1.4934	-1.4933	2.70446	2.704303	1.67E+00	291.994	33.9677	-0.000158	0.0002	96.3115	-66.2545	-67.34046	0.124	0	0.0002	33.9684	33.966	-0.0024	-0.000157	59	33.9684	33.966	27.3337	27.3337	0.0002	-0.000157	-0.0023	0.00E+00
60.608	-1.4943	-1.4941	2.704487	2.704344	1.57E+00	291.846	33.9682	-0.000144	0.0002	96.394	-66.2545	-67.34047	0.1228	0	0.0002	33.9691	33.9669	-0.0022	-0.000143	60	33.9691	33.9669	27.3343	27.3343	0.0002	-0.000143	-0.0022	0.00E+00
61.618	-1.496	-1.4957	2.704534	2.704375	1.49E+00	291.282	33.9695	-0.00016	0.0003	96.366	-66.2545	-67.34048	0.1079	0	0.0003	33.971	33.9685	-0.0026	-0.000159	61	33.971	33.9685	27.336	27.336	0.0003	-0.000159	-0.0026	0.00E+00
62.629	-1.4864	-1.4876	2.705673	2.7054	1.43E+00	290.39	33.9733	-0.000268	-0.0012	96.414	-66.2545	-67.34049	0.0788	0	-0.0012	33.9752	33.9728	-0.0023	-0.000272	62	33.9752	33.9728	27.3391	27.3391	-0.0012	-0.000272	-0.0023	0.00E+00
63.639	-1.4715	-1.4717	2.707401	2.707219	1.37E+00	289.92	33.9791	-0.000182	-0.0003	96.4728	-66.2545	-67.3405	0.0775	0	-0.0002	33.9815	33.9792	-0.0022	-0.000182	63	33.9815	33.9792	27.3437	27.3437	-0.0002	-0.000182	-0.0022	0.00E+00
64.649	-1.4692	-1.4691	2.707731	2.707581	1.30E+00	289.784	33.9804	-0.00015	0.0001	96.5032	-66.2545	-67.34051	0.0918	0	0.0001	33.9828	33.9806	-0.0022	-0.000149	64	33.9828	33.9806	27.3447	27.3447	0.0001	-0.000149	-0.0022	0.00E+00
65.66	-1.4639	-1.4639	2.708316	2.708113	1.21E+00	289.049	33.9811	-0.000203	-0.0001	96.5329	-66.2545	-67.34053	0.0849	0	-0.0001	33.9841	33.9814	-0.0027	-0.000203	65	33.9841	33.9814	27.3456	27.3456	-0.0001	-0.000203	-0.0027	0.00E+00
66.67	-1.4513	-1.4498	2.709677	2.709649	1.16E+00	287.76	33.9853	-0.000031	0.0014	96.5453	-66.2545	-67.34054	0.0945	0	0.0014	33.9879	33.9859	-0.0021	-0.000028	66	33.9879	33.9859	27.3483	27.3483	0.0014	-0.000028	-0.0021	0.00E+00
67.68	-1.4344	-1.4353	2.711415	2.711141	1.12E+00	286.595	33.9884	-0.000271	-0.0009	96.549	-66.2545	-67.34055	0.081	0	-0.0009	33.9921	33.9893	-0.0027	-0.000274	67	33.9921	33.9893	27.3512	27.3512	-0.0009	-0.000274	-0.0027	0.00E+00
68.691	-1.4172	-1.4165	2.713154	2.713039	1.08E+00	285.891	33.992	-0.000116	0.0007	96.5464	-66.2545	-67.34056	0.0802	0	0.0007	33.9958	33.9934	-0.0024	-0.000115	68	33.9958	33.9934	27.3537	27.3537	0.0007	-0.000115	-0.0024	0.00E+00
69.701	-1.3985	-1.3983	2.71542	2.715293	1.02E+00	285.685	34.0015	-0.000127	0.0002	96.5301	-66.2545	-67.34057	0.0993	0	0.0002	34.0052	34.0032	-0.002	-0.000127	69	34.0052	34.0032	27.3607	27.3607	0.0002	-0.000127	-0.002	0.00E+00
70.711	-1.4015	-1.4026	2.715306	2.714999	9.51E-01	285.492	34.0023	-0.000305	-0.0011	96.5124	-66.25452	-67.34058	0.0988	0	-0.0011	34.0064	34.0034	-0.003	-0.000307	70	34.0064	34.0034	27.3618	27.3618	-0.0011	-0.000307	-0.003	0.00E+00
71.722	-1.408	-1.4074	2.715075	2.714959	9.00E-01	285.699	34.007	-0.000118	0.0007	96.5406	-66.25452	-67.3406	0.0925	0	0.0007	34.01	34.0076	-0.0024	-0.000116	71	34.01	34.0076	27.3649	27.3649	0.0007	-0.000116	-0.0024	0.00E+00
72.732	-1.4022	-1.402	2.715895	2.715735	8.72E-01	285.164	34.0109	-0.000161	0.0002	96.5572	-66.25452	-67.34061	0.0789	0	0.0002	34.014	34.0116	-0.0025	-0.00016	72	34.014	34.0116	27.368	27.368	0.0002	-0.00016	-0.0025	0.00E+00
73.742	-1.391	-1.3911	2.717131	2.716976	8.38E-01	284.783	34.0148	-0.000153	-0.0001	96.5725	-66.25452	-67.34062	0.0803	0	-0.0001	34.0176	34.0156	-0.002	-0.000154	73	34.0176	34.0156	27.3706	27.3706	-0.0001	-0.000154	-0.002	0.00E+00
74.753	-1.3872	-1.3874	2.717576	2.717408	7.96E-01	284.136	34.0159	-0.000168	-0.0002	96.5759	-66.25452	-67.34064	0.0924	0	-0.0002	34.0188	34.0167	-0.0021	-0.000168	74	34.0188	34.0167	27.3714	27.3714	-0.0002	-0.000168	-0.0021	0.00E+00
75.763	-1.3737	-1.3738	2.718843	2.718655	7.51E-01	283.323	34.0167	-0.000188	0	96.575	-66.25452	-67.34065	0.0889	0	0	34.0203	34.0177	-0.0026	-0.000187	75	34.0203	34.0177	27.3722	27.3722	0	-0.000187	-0.0026	0.00E+00
76.773	-1.3378	-1.3389	2.722397	2.722106	7.15E-01	281.746	34.023	-0.00029	-0.0012	96.5761	-66.25452	-67.34066	0.0773	0	-0.0012	34.0276	34.0249	-0.0027	-0.000292	76	34.0276	34.0249	27.377	27.377	-0.0012	-0.000292	-0.0027	0.00E+00
77.784	-1.2962	-1.2995	2.726583	2.726121	6.83E-01	280.732	34.032	-0.000454	-0.0032	96.5654	-66.25452	-67.34067	0.0795	0	-0.0033	34.0373	34.0347	-0.0026	-0.000462	77	34.0373	34.0347	27.3835	27.3835	-0.0033	-0.000462	-0.0026	0.00E+00
78.794	-1.2801	-1.2854	2.728415	2.727789	6.50E-01	279.761	34.0386	-0.000618	-0.0053	96.5681	-66.25452	-67.34068	0.0784	0	-0.0053	34.0435	34.0409	-0.0024	-0.000626	78	34.0435	34.0409	27.388	27.388	-0.0053	-0.000627	-0.0024	0.00E+00
79.804	-1.2688	-1.2685	2.729747	2.729591	6.18E-01	278.725	34.0436	-0.000162	0.0003	96.5437	-66.25452	-67.34069	0.0781	0	0.0003	34.0483	34.0458	-0.0026	-0.000156	79	34.0483	34.0458	27.3915	27.3915	0.0003	-0.000156	-0.0026	0.00E+00
80.815	-1.2371	-1.2375	2.732916	2.732587	5.92E-01	277.269	34.0482	-0.000335	-0.0003	96.5386	-66.25452	-67.3407	0.0795	0	-0.0003	34.0551	34.051	-0.0042	-0.000329	80	34.0551	34.051	27.396	27.396	-0.0003	-0.000329	-0.0042	0.00E+00
81.825	-1.2005	-1.1992	2.736706	2.736563	5.70E-01	276.372	34.0579	-0.000151	0.0012	96.5384	-66.25452	-67.3407	0.0781	0	0.0012	34.0648	34.0614	-0.0035	-0.000144	81	34.0648	34.0614	27.4026	27.4026	0.0012	-0.000144	-0.0035	0.00E+00
82.836	-1.1772	-1.1816	2.739026	2.738407	5.46E-01	275.552	34.0627	-0.00061	-0.0044	96.51	-66.25452	-67.34072	0.0793	0	-0.0044	34.0694	34.066	-0.0033	-0.00062	82	34.0694	34.066	27.4056	27.4056	-0.0044	-0.00062	-0.0033	0.00E+00
83.846	-1.162	-1.1571	2.740561	2.74081	5.19E-01	274.496	34.0674	0.000234	0.0048	96.5287	-66.25452	-67.34073	0.0792	0	0.0048	34.0726	34.0705	-0.0023	0.000249	83	34.0726	34.0705	27.4075	27.4075	0.0048	0.000249	-0.0023	0.00E+00
84.856	-1.1345	-1.1331	2.7434	2.743352	4.90E-01	272.898	34.0744	-0.00005	0.0013	96.5264	-66.25452	-67.34074	0.081	0	0.0014	34.0795	34.0773	-0.0022	-0.000047	84	34.0795	34.0773	27.4122	27.4122	0.0014	-0.000047	-0.0022	0.00E+00
85.867	-1.0953	-1.0952	2.747242	2.747083	4.67E-01	270.855	34.0811	-0.000157	0.0001	96.5181	-66.25452	-67.34074	0.0638	0	0.0001	34.087	34.0847	-0.0023	-0.000159	85	34.087	34.0847	27.4169	27.4169	0.0001	-0.000159	-0.0023	0.00E+00
86.877	-1.0446	-1.0448	2.752337	2.7521	4.48E-01	268.71	34.0908	-0.000239	-0.0002	96.5173	-66.25452	-67.34074	0.0429	0	-0.0002	34.0983	34.0953	-0.003	-0.000238	86	34.0983	34.0953	27.4242	27.4242	-0.0002	-0.000238	-0.003	0.00E+00
87.888	-0.9941	-0.9951	2.7577	2.757398	4.31E-01	267.728	34.1055	-0.0003	-0.001	96.5244	-66.25452	-67.34074	0.0439	0	-0.001	34.1135	34.1106	-0.0029	-0.000302	87	34.1135	34.1106	27.4347	27.4347	-0.001	-0.000302	-0.0029	0.00E+00
88.898	-0.9782	-0.9779	2.759367	2.759204	4.14E-01	266.835	34.1107	-0.000163	0.0003	96.518	-66.25452	-67.34076	0.0453	0	0.0003	34.1176	34.1151	-0.0025	-0.000163	88	34.1176	34.1151	27.4374	27.4374	0.0003	-0.000163	-0.0025	0.00E+00
89.909	-0.9589	-0.9583	2.76144	2.761329	3.96E-01	265.801	34.1173	-0.000113	0.0006	96.5014	-66.25452	-67.34076	0.0446	0	0.0006	34.1233	34.1211	-0.0022	-0.000111	89	34.1233	34.1211	27.4413	27.4413	0.0006	-0.000111	-0.0022	0.00E+00
90.919	-0.9395	-0.9389	2.763628	2.763548	3.78E-01	264.399	34.1252	-0.000078	0.0006	96.5011	-66.25452	-67.34076	0.0431	0	0.0006	34.1305	34.1287	-0.0017	-0.00008	90	34.1305	34.1287	27.4464	27.4464	0.0006	-0.00008	-0.0017	0.00E+00
91.929	-0.9269	-0.9265	2.765272	2.765185	3.62E-01	264.02	34.1332	-0.000088	0.0003	96.4533	-66.25452	-67.34076	0.0433	0	0.0003	34.1379	34.1363	-0.0016	-0.000087	91	34.1379	34.1363	27.4519	27.4519	0.0003	-0.000087	-0.0016	0.00E+00
92.94	-0.9112	-0.9097	2.766883	2.766897	3.45E-01	262.135	34.137	0.00001	0.0015	96.52	-66.25452	-67.34076	0.0425	0	0.0015	34.1414	34.1399	-0.0015	0.000014	92	34.1414	34.1399	27.4541	27.4541	0.0015	0.000014	-0.0015	0.00E+00
93.95	-0.8536	-0.8536	2.772689	2.772546	3.29E-01	260.584	34.1486	-0.00014	0	96.5178	-66.25452	-67.34076	0.0355	0	0	34.1544	34.1524	-0.0019	-0.000143	93	34.1544	34.1524	27.4624	27.4624	0	-0.000143	-0.0019	0.00E+00
94.961	-0.8224	-0.8224	2.775599	2.775576	3.15E-01	258.339	34.1537	-0.000023	-0.0001	96.5228	-66.25452	-67.34076	0.0317	0	-0.0001	34.1578	34.1576	-0.0002	-0.000022	94	34.1578	34.1576	27.4639	27.4639	-0.0001	-0.000022	-0.0002	0.00E+00
95.971	-0.7789	-0.7809	2.779919	2.779663	3.05E-01	257.917	34.161	-0.000249	-0.002	96.5265	-66.25452	-67.34076	0.0205	0	-0.002	34.1666	34.1654	-0.0011	-0.000256	95	34.1666	34.1654	27.4693	27.4693	-0.002	-0.000256	-0.0011	0.00E+00
96.982	-0.7527	-0.7543	2.782413	2.782267	2.93E-01	255.032	34.1655	-0.000142	-0.0016	96.5299	-66.25452	-67.34077	0.0198	0	-0.0016	34.17	34.1699	-0.0001	-0.000146	96	34.17	34.1699	27.471	27.471	-0.0016	-0.000146	-0.0001	0.00E+00
97.992	-0.6375	-0.6404	2.793541	2.793375	2.80E-01	252.04	34.1837	-0.000161	-0.0029	96.5422	-66.25452	-67.34078	0.0154	0	-0.0029	34.1895	34.1906	0.0011	-0.000166	97	34.1895	34.1906	27.482	27.482	-0.0029	-0.000167	0.0011	0.00E+00
99.003	-0.5776	-0.5787	2.799882	2.799737	2.65E-01	250.625	34.1996	-0.000146	-0.0011	96.5182	-66.25452	-67.34078	0.0194	0	-0.0011	34.2068	34.2061	-0.0007	-0.000146	98	34.2068	34.2061	27.4934	27.4934	-0.0011	-0.000146	-0.0007	0.00E+00
100.013	-0.564	-0.5656	2.801266	2.801024	2.55E-01	250.008	34.2029	-0.000241	-0.0016	96.5247	-66.25452	-67.34078	0.0034	0	-0.0016	34.2095	34.208	-0.0015	-0.000242	99	34.2095	34.208	27.4949	27.4949	-0.0016	-0.000242	-0.0015	0.00E+00
101.024	-0.5617	-0.5606	2.801469	2.801491	2.47E-01	249.799	34.2038	0.000013	0.0011	96.5151	-66.2545	-67.34078	-0.0112	0	0.0011	34.209	34.208	-0.0011	0.000022	100	34.209	34.208	27.4944	27.4944	0.0011	0.000022	-0.0011	0.00E+00
102.034	-0.5499	-0.5495	2.802655	2.802646	2.39E-01	249.185	34.2066	-0.000011	0.0004	96.5106	-66.2545	-67.34078	-0.0084	0	0.0004	34.2109	34.2103	-0.0006	-0.000009	101	34.2109	34.2103	27.4955	27.4955	0.0004	-0.000009	-0.0006	0.00E+00
103.044	-0.5415	-0.5417	2.803529	2.803456	2.29E-01	248.863	34.2087	-0.000072	-0.0002	96.5094	-66.2545	-67.34078	-0.0134	0	-0.0002	34.2126	34.2118	-0.0007	-0.000073	102	34.2126	34.2118	27.4964	27.4964	-0.0002	-0.000073	-0.0007	0.00E+00
104.055	-0.5261	-0.5268	2.80508	2.804989	2.17E-01	247.557	34.2122	-0.000091	-0.0007	96.4815	-66.2545	-67.34078	0.0214	0	-0.0007	34.2155	34.215	-0.0004	-0.000091	103	34.2155	34.215	27.4981	27.4981	-0.0007	-0.000091	-0.0004	0.00E+00
105.065	-0.4859	-0.488	2.809063	2.80886	2.09E-01	246.609	34.2195	-0.000199	-0.0021	96.4577	-66.2545	-67.3408	-0.0123	0	-0.0021	34.2231	34.2227	-0.0004	-0.000204	104	34.2231	34.2227	27.5025	27.5025	-0.0021	-0.000204	-0.0004	0.00E+00
106.076	-0.476	-0.476	2.810102	2.810105	2.01E-01	245.322	34.2224	3.12E-07	0	96.4459	-66.2545	-67.3408	-0.0159	0	0.0001	34.2253	34.2252	-0.0001	0.000003	105	34.2253	34.2252	27.5038	27.5038	0.0001	0.000003	-0.0001	0.00E+00
107.086	-0.4431	-0.4444	2.813488	2.813341	1.94E-01	244.46	34.2294	-0.000145	-0.0013	96.4361	-66.2545	-67.3408	-0.0145	0	-0.0013	34.233	34.2325	-0.0005	-0.000147	106	34.233	34.2325	27.5086	27.5086	-0.0013	-0.000147	-0.0005	0.00E+00
108.097	-0.4054	-0.4076	2.817201	2.817067	1.86E-01	242.868	34.2369	-0.000131	-0.0022	96.3945	-66.2545	-67.3408	-0.013	0	-0.0022	34.2397	34.2404	0.0007	-0.000133	107	34.2397	34.2404	27.5122	27.5122	-0.0022	-0.000134	0.0007	0.00E+00
109.108	-0.3766	-0.377	2.820343	2.820238	1.79E-01	242.365	34.2441	-0.000107	-0.0003	96.4027	-66.2545	-67.34081	-0.013	0	-0.0003	34.2487	34.2477	-0.0011	-0.000105	108	34.2487	34.2477	27.5182	27.5182	-0.0003	-0.000105	-0.0011	0.00E+00
110.118	-0.374	-0.3745	2.820626	2.820493	1.72E-01	242.183	34.2448	-0.000134	-0.0006	96.391	-66.2545	-67.34082	-0.0127	0	-0.0006	34.2489	34.2477	-0.0011	-0.000133	109	34.2489	34.2477	27.5182	27.5182	-0.0006	-0.000134	-0.0011	0.00E+00
111.129	-0.3631	-0.3635	2.821751	2.821648	1.66E-01	241.547	34.2475	-0.000104	-0.0004	96.3772	-66.2545	-67.34082	-0.0107	0	-0.0004	34.2511	34.2501	-0.001	-0.000102	110	34.2511	34.2501	27.5195	27.5195	-0.0004	-0.000103	-0.001	0.00E+00
112.139	-0.3457	-0.346	2.823541	2.823444	1.60E-01	240.856	34.2514	-0.000098	-0.0003	96.3713	-66.25449	-67.34082	-0.0117	0	-0.0003	34.2548	34.2539	-0.001	-0.000097	111	34.2548	34.2539	27.5217	27.5217	-0.0003	-0.000097	-0.001	0.00E+00
113.15	-0.3303	-0.3306	2.825156	2.825058	1.55E-01	240.19	34.2553	-0.000099	-0.0003	96.3453	-66.25448	-67.34082	-0.0153	0	-0.0003	34.2584	34.2575	-0.001	-0.000098	112	34.2584	34.2575	27.5239	27.5239	-0.0003	-0.000098	-0.001	0.00E+00
114.16	-0.3216	-0.3218	2.826079	2.825986	1.49E-01	239.649	34.2574	-0.000093	-0.0002	96.3386	-66.25448	-67.34082	-0.0163	0	-0.0002	34.2604	34.2594	-0.0011	-0.000092	113	34.2604	34.2594	27.5251	27.5251	-0.0002	-0.000092	-0.0011	0.00E+00
115.171	-0.308	-0.3079	2.82753	2.827482	1.43E-01	238.962	34.2611	-0.000049	0.0002	96.3106	-66.25448	-67.34082	-0.0115	0	0.0002	34.2639	34.2631	-0.0009	-0.000048	114	34.2639	34.2631	27.5273	27.5273	0.0002	-0.000048	-0.0009	0.00E+00
116.181	-0.2754	-0.2759	2.830875	2.830813	1.38E-01	236.978	34.2685	-0.000061	-0.0005	96.3006	-66.25448	-67.34082	-0.0155	0	-0.0005	34.2712	34.271	-0.0002	-0.000061	115	34.2712	34.271	27.5316	27.5316	-0.0005	-0.000062	-0.0002	0.00E+00
117.192	-0.2374	-0.2375	2.834944	2.834868	1.34E-01	235.775	34.2784	-0.000076	-0.0002	96.2102	-66.25448	-67.34082	-0.0241	0	-0.0002	34.2822	34.2814	-0.0008	-0.000076	116	34.2822	34.2814	27.5387	27.5387	-0.0002	-0.000077	-0.0008	0.00E+00
118.202	-0.213	-0.2123	2.837393	2.837415	1.30E-01	233.772	34.2833	0.000019	0.0006	96.1852	-66.25448	-67.34084	-0.016	0	0.0006	34.2868	34.2863	-0.0004	0.000022	117	34.2868	34.2863	27.5412	27.5412	0.0006	0.000022	-0.0004	0.00E+00
119.213	-0.1502	-0.1505	2.843626	2.843622	1.26E-01	231.897	34.2945	-0.000004	-0.0003	96.159	-66.25448	-67.34084	-0.0192	0	-0.0003	34.2986	34.2989	0.0003	-0.000003	118	34.2986	34.2989	27.5477	27.5477	-0.0003	-0.000003	0.0003	0.00E+00
120.224	-0.1147	-0.1149	2.847536	2.847482	1.21E-01	231.192	34.3052	-0.000053	-0.0001	96.1838	-66.25448	-67.34084	-0.0328	0	-0.0001	34.3102	34.3096	-0.0006	-0.000054	119	34.3102	34.3096	27.5552	27.5552	-0.0001	-0.000054	-0.0006	0.00E+00
121.234	-0.1008	-0.1001	2.849055	2.84904	1.15E-01	230.12	34.3098	-0.000016	0.0007	96.0384	-66.25448	-67.34086	-0.0141	0	0.0007	34.3141	34.3131	-0.0009	-0.000014	120	34.3141	34.3131	27.5576	27.5576	0.0007	-0.000014	-0.0009	0.00E+00
122.245	-0.0747	-0.0744	2.851602	2.851578	1.12E-01	228.967	34.3141	-0.000024	0.0003	95.9544	-66.25448	-67.34087	-0.02	0	0.0003	34.318	34.3173	-0.0007	-0.000024	121	34.318	34.3173	27.5595	27.5595	0.0003	-0.000024	-0.0007	0.00E+00
123.255	-0.0576	-0.0574	2.853411	2.853346	1.09E-01	228.227	34.3179	-0.000067	0.0002	95.8953	-66.25448	-67.34088	-0.0349	0	0.0002	34.3223	34.3212	-0.0011	-0.000066	122	34.3223	34.3212	27.5621	27.5621	0.0002	-0.000066	-0.0011	0.00E+00
124.266	-0.0345	-0.0348	2.855726	2.855678	1.05E-01	226.977	34.3227	-0.000045	-0.0003	95.8903	-66.25448	-67.34089	-0.0337	0	-0.0003	34.3264	34.3261	-0.0002	-0.000048	123	34.3264	34.3261	27.5642	27.5642	-0.0003	-0.000047	-0.0002	0.00E+00
125.277	0.0064	0.009	2.859853	2.860117	1.02E-01	226.164	34.3314	0.000258	0.0026	95.893	-66.25448	-67.3409	-0.0283	0	0.0026	34.3347	34.3352	0.0005	0.000264	124	34.3347	34.3352	27.5688	27.5688	0.0026	0.000264	0.0005	0.00E+00
126.287	0.0365	0.0438	2.863014	2.863776	9.81E-02	224.473	34.3407	0.000751	0.0072	95.8316	-66.25448	-67.34092	-0.028	0	0.0072	34.3421	34.3441	0.0018	0.000763	125	34.3421	34.3441	27.5732	27.5732	0.0072	0.000763	0.0018	0.00E+00
127.298	0.0619	0.0618	2.865857	2.865784	9.62E-02	223.83	34.3467	-0.000067	-0.0001	95.78	-66.25447	-67.34094	-0.0342	0	-0.0001	34.3506	34.3498	-0.0008	-0.000073	126	34.3506	34.3498	27.5788	27.5788	-0.0001	-0.000073	-0.0008	0.00E+00
128.308	0.0675	0.0667	2.866428	2.866289	9.44E-02	222.908	34.3478	-0.000132	-0.0009	95.7742	-66.25446	-67.34094	-0.0353	0	-0.0009	34.3513	34.3504	-0.0008	-0.000139	127	34.3513	34.3504	27.579	27.579	-0.0009	-0.000139	-0.0008	0.00E+00
129.319	0.0966	0.0963	2.86933	2.869295	9.12E-02	221.452	34.3534	-0.00003	-0.0002	95.7513	-66.25446	-67.34096	-0.0324	0	-0.0002	34.3565	34.3563	-0.0001	-0.000035	128	34.3565	34.3563	27.5817	27.5817	-0.0002	-0.000035	-0.0001	0.00E+00
130.33	0.1592	0.1568	2.875439	2.875387	8.81E-02	219.141	34.3643	-0.000044	-0.0024	95.749	-66.25446	-67.34097	-0.0333	0	-0.0024	34.3664	34.3684	0.0021	-0.000053	129	34.3664	34.3684	27.5863	27.5863	-0.0024	-0.000052	0.0021	0.00E+00
131.34	0.215	0.2136	2.881502	2.881388	8.52E-02	217.071	34.3788	-0.00011	-0.0013	95.7976	-66.25446	-67.341	-0.0338	0	-0.0013	34.3833	34.3833	0.0001	-0.000113	130	34.3833	34.3833	27.5969	27.5969	-0.0013	-0.000113	0.0001	0.00E+00
132.351	0.2622	0.2613	2.886407	2.886254	8.38E-02	216.062	34.3886	-0.000152	-0.001	95.8423	-66.25446	-67.34101	-0.0217	0	-0.001	34.3944	34.3935	-0.0009	-0.000153	131	34.3944	34.3935	27.6032	27.6032	-0.001	-0.000153	-0.0009	0.00E+00
133.361	0.2781	0.2778	2.888258	2.888167	8.12E-02	215.687	34.3953	-0.000091	-0.0003	95.8428	-66.25446	-67.34104	-0.0377	0	-0.0003	34.4004	34.3995	-0.0009	-0.000091	132	34.4004	34.3995	27.6072	27.6072	-0.0003	-0.000091	-0.0009	0.00E+00
134.372	0.2877	0.2875	2.889293	2.889173	7.88E-02	215.034	34.3979	-0.00012	-0.0002	95.8707	-66.25446	-67.34105	-0.0193	0	-0.0002	34.4027	34.4013	-0.0014	-0.00012	133	34.4027	34.4013	27.6085	27.6085	-0.0002	-0.00012	-0.0014	0.00E+00
135.383	0.2997	0.2985	2.890581	2.890399	7.68E-02	214.758	34.4015	-0.000178	-0.0011	95.8722	-66.25446	-67.34106	-0.027	0	-0.0011	34.4056	34.4045	-0.0011	-0.000182	134	34.4056	34.4045	27.6102	27.6102	-0.0011	-0.000182	-0.0011	0.00E+00
136.393	0.3081	0.3083	2.891457	2.891383	7.47E-02	214.271	34.4033	-0.000078	0.0001	95.9106	-66.25446	-67.34108	-0.0377	0	0.0001	34.407	34.4059	-0.0012	-0.000074	135	34.407	34.4059	27.6108	27.6108	0.0001	-0.000074	-0.0012	0.00E+00
137.404	0.3225	0.3226	2.892956	2.892888	7.23E-02	213.233	34.4066	-0.000067	0.0002	95.9451	-66.25446	-67.34111	-0.0352	0	0.0001	34.4101	34.409	-0.0011	-0.000068	136	34.4101	34.409	27.6125	27.6125	0.0001	-0.000067	-0.0011	0.00E+00
138.415	0.3562	0.3554	2.896309	2.896124	7.07E-02	211.922	34.4113	-0.000184	-0.0008	95.9375	-66.25446	-67.34113	-0.035	0	-0.0008	34.4158	34.4143	-0.0015	-0.000185	137	34.4158	34.4143	27.6152	27.6152	-0.0008	-0.000185	-0.0015	0.00E+00
139.425	0.3828	0.3825	2.899333	2.899195	6.97E-02	211.482	34.4206	-0.000138	-0.0003	95.9516	-66.25446	-67.34114	-0.0372	0	-0.0003	34.4251	34.4237	-0.0014	-0.000138	138	34.4251	34.4237	27.6212	27.6212	-0.0003	-0.000138	-0.0014	0.00E+00
140.436	0.3865	0.3866	2.899798	2.899709	6.73E-02	211.363	34.4227	-0.000091	0.0001	95.9938	-66.25446	-67.34116	-0.0367	0	0.0001	34.4265	34.4253	-0.0013	-0.00009	139	34.4265	34.4253	27.6221	27.6221	0.0001	-0.00009	-0.0013	0.00E+00
141.447	0.3909	0.3918	2.900264	2.900254	6.61E-02	211.133	34.4236	-0.000013	0.0009	95.9789	-66.25446	-67.34117	-0.0374	0	0.0009	34.4271	34.4259	-0.0012	-0.00001	140	34.4271	34.4259	27.6223	27.6223	0.0009	-0.00001	-0.0012	0.00E+00
142.457	0.4034	0.4033	2.901554	2.901475	6.48E-02	210.79	34.4263	-0.000079	0	96.0362	-66.25446	-67.34118	-0.0342	0	0	34.4295	34.4285	-0.001	-0.000079	141	34.4295	34.4285	27.6235	27.6235	0	-0.000079	-0.001	0.00E+00
143.468	0.4125	0.4127	2.90255	2.902476	6.32E-02	210.235	34.4286	-0.000074	0.0002	96.0823	-66.25446	-67.34119	-0.0323	0	0.0002	34.4317	34.4305	-0.0012	-0.000074	142	34.4317	34.4305	27.6248	27.6248	0.0002	-0.000074	-0.0012	0.00E+00
144.479	0.4195	0.4197	2.903401	2.903313	6.15E-02	209.759	34.4314	-0.000088	0.0001	96.0894	-66.25446	-67.3412	-0.0335	0	0.0002	34.4344	34.4331	-0.0013	-0.000088	143	34.4344	34.4331	27.6266	27.6266	0.0002	-0.000088	-0.0013	0.00E+00
145.49	0.4286	0.4286	2.904363	2.904253	6.09E-02	208.898	34.4332	-0.00011	-0.0001	96.09	-66.25446	-67.34122	-0.0324	0	-0.0001	34.4362	34.4348	-0.0014	-0.00011	144	34.4362	34.4348	27.6275	27.6275	-0.0001	-0.00011	-0.0014	0.00E+00
146.5	0.4575	0.4574	2.907386	2.907229	5.95E-02	208.185	34.4387	-0.000155	-0.0001	96.0958	-66.25446	-67.34122	-0.0356	0	-0.0001	34.443	34.441	-0.0019	-0.000157	145	34.443	34.441	27.6312	27.6312	-0.0001	-0.000157	-0.0019	0.00E+00
147.511	0.4802	0.48	2.909849	2.909735	5.82E-02	207.789	34.4454	-0.000113	-0.0003	96.0924	-66.25446	-67.34123	-0.0336	0	-0.0003	34.4492	34.448	-0.0012	-0.000114	146	34.4492	34.448	27.6349	27.6349	-0.0003	-0.000114	-0.0012	0.00E+00
148.522	0.4835	0.4906	2.910278	2.910803	5.72E-02	207.232	34.4474	0.000509	0.0071	96.0791	-66.25446	-67.34125	-0.0354	0	0.0071	34.4506	34.4495	-0.0012	0.000526	147	34.4506	34.4495	27.6358	27.6358	0.0071	0.000525	-0.0012	0.00E+00
149.532	0.5136	0.5144	2.913424	2.913429	5.62E-02	206.112	34.4544	0.000008	0.0008	96.0128	-66.25446	-67.34126	-0.0367	0	0.0008	34.4575	34.4566	-0.0008	0.000004	148	34.4575	34.4566	27.6396	27.6396	0.0008	0.000004	-0.0008	0.00E+00
150.543	0.5238	0.5234	2.914615	2.914489	5.45E-02	205.986	34.4579	-0.000118	-0.0004	96.0023	-66.25446	-67.34126	-0.0346	0	-0.0004	34.4611	34.4599	-0.0011	-0.000126	149	34.4611	34.4599	27.642	27.642	-0.0004	-0.000126	-0.0011	0.00E+00
151.554	0.5305	0.5303	2.915402	2.9153	5.41E-02	205.898	34.4603	-0.000098	-0.0002	95.9873	-66.25446	-67.34126	-0.0655	0	-0.0002	34.4633	34.4622	-0.0011	-0.000102	150	34.4633	34.4622	27.6433	27.6433	-0.0002	-0.000102	-0.0011	0.00E+00
152.565	0.535	0.5353	2.915887	2.915831	5.31E-02	205.738	34.4612	-0.000054	0.0003	95.9555	-66.25446	-67.34127	-0.0355	0	0.0003	34.464	34.4629	-0.001	-0.000056	151	34.464	34.4629	27.6436	27.6436	0.0003	-0.000057	-0.001	0.00E+00
153.575	0.54	0.5419	2.916455	2.916527	5.15E-02	205.348	34.4627	0.00007	0.0019	95.942	-66.25444	-67.34128	-0.0351	0	0.0019	34.4652	34.464	-0.0012	0.000072	152	34.4652	34.464	27.6443	27.6443	0.0019	0.000072	-0.0012	0.00E+00
154.586	0.5495	0.5489	2.917528	2.917375	5.11E-02	204.893	34.4656	-0.000148	-0.0006	95.9167	-66.25444	-67.34128	-0.0318	0	-0.0006	34.4681	34.4667	-0.0013	-0.000153	153	34.4681	34.4667	27.646	27.646	-0.0006	-0.000153	-0.0013	0.00E+00
155.597	0.5555	0.5552	2.918244	2.918107	5.04E-02	204.702	34.4675	-0.000135	-0.0003	95.8976	-66.25444	-67.34129	-0.0334	0	-0.0003	34.4701	34.4686	-0.0015	-0.000137	154	34.4701	34.4686	27.6473	27.6473	-0.0003	-0.000137	-0.0015	0.00E+00
156.607	0.566	0.5661	2.91933	2.919249	4.93E-02	204.233	34.4695	-0.00008	0.0001	95.8819	-66.25444	-67.3413	-0.0315	0	0.0001	34.472	34.4708	-0.0012	-0.000081	155	34.472	34.4708	27.6482	27.6482	0.0001	-0.000081	-0.0012	0.00E+00
157.618	0.5762	0.5768	2.92046	2.920492	4.87E-02	203.667	34.4733	0.000033	0.0006	95.8643	-66.25444	-67.3413	-0.0421	0	0.0006	34.4747	34.4745	-0.0002	0.000033	156	34.4747	34.4745	27.6497	27.6497	0.0006	0.000033	-0.0002	0.00E+00
158.629	0.5897	0.5904	2.921966	2.921955	4.82E-02	203.068	34.4765	-0.00001	0.0007	95.88	-66.25444	-67.34132	-0.0421	0	0.0007	34.4787	34.4778	-0.0009	-0.000011	157	34.4787	34.4778	27.6521	27.6521	0.0007	-0.000011	-0.0009	0.00E+00
159.64	0.6041	0.6035	2.923566	2.923407	4.76E-02	202.04	34.48	-0.000157	-0.0006	95.9037	-66.25444	-67.34132	-0.0329	0	-0.0006	34.4829	34.4814	-0.0014	-0.000159	158	34.4829	34.4815	27.6547	27.6547	-0.0006	-0.000159	-0.0014	0.00E+00
160.651	0.6285	0.6282	2.926024	2.925911	4.65E-02	201.02	34.484	-0.000113	-0.0003	95.8999	-66.25444	-67.34134	-0.0318	0	-0.0003	34.4871	34.4859	-0.0012	-0.000113	159	34.4871	34.4859	27.6566	27.6566	-0.0003	-0.000113	-0.0012	0.00E+00
161.661	0.6667	0.6657	2.930014	2.929909	4.59E-02	200.428	34.4931	-0.000102	-0.001	95.8943	-66.25446	-67.34136	-0.0333	0	-0.0009	34.496	34.4957	-0.0003	-0.000104	160	34.496	34.4957	27.6614	27.6614	-0.0009	-0.000104	-0.0003	0.00E+00
162.672	0.6736	0.6741	2.930902	2.93087	4.59E-02	199.855	34.4962	-0.000034	0.0004	95.9164	-66.25446	-67.34137	-0.038	0	0.0004	34.4991	34.4982	-0.0009	-0.000033	161	34.4991	34.4982	27.6635	27.6635	0.0004	-0.000033	-0.0009	0.00E+00
163.683	0.6853	0.6852	2.93218	2.932096	4.51E-02	199.521	34.4994	-0.000084	-0.0001	95.9965	-66.25446	-67.34138	-0.037	0	-0.0001	34.5022	34.5012	-0.001	-0.000084	162	34.5022	34.5012	27.6653	27.6653	-0.0001	-0.000084	-0.001	0.00E+00
164.694	0.6937	0.6938	2.933136	2.933043	4.44E-02	198.814	34.5016	-0.000091	0.0002	95.9953	-66.25446	-67.34138	-0.0318	0	0.0002	34.5047	34.5033	-0.0014	-0.000092	163	34.5047	34.5033	27.6667	27.6667	0.0002	-0.000093	-0.0014	0.00E+00
165.704	0.7206	0.7209	2.93595	2.935856	4.45E-02	198.284	34.5068	-0.000095	0.0003	96.0205	-66.25446	-67.3414	-0.0322	0	0.0003	34.5107	34.5091	-0.0016	-0.000094	164	34.5107	34.5091	27.6699	27.6699	0.0003	-0.000094	-0.0016	0.00E+00
166.715	0.7367	0.736	2.937714	2.937605	4.42E-02	198.007	34.5122	-0.000108	-0.0007	96.036	-66.25446	-67.3414	-0.0309	0	-0.0007	34.5151	34.5144	-0.0007	-0.000109	165	34.5151	34.5144	27.6725	27.6725	-0.0007	-0.000109	-0.0007	0.00E+00
167.726	0.7439	0.7436	2.938587	2.938493	4.40E-02	197.813	34.5151	-0.000093	-0.0002	96.0418	-66.25446	-67.34142	-0.0317	0	-0.0002	34.5178	34.5168	-0.0009	-0.000094	166	34.5178	34.5168	27.6742	27.6742	-0.0002	-0.000093	-0.0009	0.00E+00
168.737	0.7448	0.7447	2.938769	2.938677	4.32E-02	197.63	34.5161	-0.000093	-0.0001	96.01	-66.25446	-67.34142	-0.0342	0	-0.0001	34.5185	34.5174	-0.0011	-0.000093	167	34.5185	34.5174	27.6747	27.6747	-0.0001	-0.000093	-0.0011	0.00E+00
169.748	0.7452	0.7452	2.93887	2.93876	4.26E-02	197.784	34.5164	-0.000109	0	95.9681	-66.25446	-67.34144	-0.0319	0	0	34.5188	34.5174	-0.0014	-0.00011	168	34.5188	34.5174	27.6749	27.6749	0	-0.00011	-0.0014	0.00E+00
170.759	0.7455	0.7457	2.93894	2.938856	4.19E-02	197.864	34.5167	-0.000085	0.0002	95.9881	-66.25446	-67.34144	-0.0367	0	0.0002	34.5188	34.5175	-0.0013	-0.000084	169	34.5188	34.5175	27.6749	27.6749	0.0002	-0.000084	-0.0013	0.00E+00
171.769	0.745	0.7452	2.938924	2.938855	4.15E-02	197.788	34.5167	-0.00007	0.0002	95.9698	-66.25446	-67.34145	-0.0347	0	0.0002	34.5185	34.5174	-0.0012	-0.000069	170	34.5185	34.5174	27.6747	27.6747	0.0002	-0.000069	-0.0012	0.00E+00
172.78	0.7462	0.7459	2.939052	2.938949	4.16E-02	197.626	34.5167	-0.000102	-0.0003	95.9845	-66.25447	-67.34146	-0.0537	0	-0.0003	34.5182	34.5172	-0.001	-0.000103	171	34.5182	34.5172	27.6744	27.6744	-0.0003	-0.000103	-0.001	0.00E+00
173.791	0.7482	0.7482	2.939334	2.939245	4.13E-02	197.584	34.5175	-0.000088	0	95.9901	-66.25448	-67.34146	-0.0524	0	0	34.519	34.5179	-0.0012	-0.000088	172	34.519	34.5179	27.6749	27.6749	0	-0.000088	-0.0012	0.00E+00
174.802	0.7491	0.749	2.939481	2.939364	4.10E-02	197.6	34.5177	-0.000117	-0.0002	95.9908	-66.25448	-67.34146	-0.0396	0	-0.0002	34.5193	34.518	-0.0013	-0.000117	173	34.5193	34.518	27.6751	27.6751	-0.0002	-0.000117	-0.0013	0.00E+00
175.813	0.7497	0.7497	2.939595	2.939499	4.00E-02	197.603	34.518	-0.000096	0	95.9914	-66.25448	-67.34146	-0.0336	0	0	34.5196	34.5183	-0.0013	-0.000096	174	34.5196	34.5183	27.6753	27.6753	0	-0.000096	-0.0013	0.00E+00
176.824	0.7496	0.7495	2.939616	2.939521	3.97E-02	197.572	34.518	-0.000094	-0.0001	95.9882	-66.25448	-67.34146	-0.0516	0	-0.0001	34.5194	34.5182	-0.0011	-0.000095	175	34.5194	34.5182	27.6751	27.6751	-0.0001	-0.000095	-0.0011	0.00E+00
177.834	0.7502	0.7499	2.939699	2.939598	3.90E-02	197.639	34.518	-0.0001	-0.0002	95.9873	-66.25448	-67.34146	-0.033	0	-0.0002	34.5192	34.5182	-0.001	-0.000101	176	34.5192	34.5182	27.6749	27.6749	-0.0002	-0.000101	-0.001	0.00E+00
178.845	0.7491	0.7494	2.939673	2.939597	3.93E-02	197.442	34.5181	-0.000078	0.0003	95.9737	-66.25449	-67.34146	-0.0362	0	0.0003	34.5195	34.5182	-0.0014	-0.000076	177	34.5195	34.5182	27.6752	27.6752	0.0003	-0.000076	-0.0014	0.00E+00
179.856	0.7489	0.7487	2.939702	2.939596	3.86E-02	197.244	34.5182	-0.000106	-0.0002	95.9508	-66.2545	-67.34146	-0.0336	0	-0.0002	34.5194	34.5183	-0.0011	-0.000106	178	34.5194	34.5183	27.6752	27.6752	-0.0002	-0.000106	-0.0011	0.00E+00
180.867	0.7499	0.7498	2.93979	2.93969	3.81E-02	196.617	34.5177	-0.0001	-0.0001	95.9756	-66.2545	-67.34146	-0.0327	0	-0.0001	34.5189	34.5177	-0.0012	-0.0001	179	34.5189	34.5177	27.6747	27.6747	-0.0001	-0.0001	-0.0012	0.00E+00
181.878	0.7773	0.7748	2.942533	2.9423	3.80E-02	195.97	34.5223	-0.000227	-0.0025	95.9887	-66.2545	-67.34147	-0.0325	0	-0.0025	34.5234	34.5232	-0.0002	-0.000233	180	34.5234	34.5232	27.6766	27.6766	-0.0025	-0.000233	-0.0002	0.00E+00
182.889	0.7904	0.7883	2.944062	2.943811	3.79E-02	195.603	34.5262	-0.000247	-0.0021	95.9989	-66.2545	-67.34148	-0.0336	0	-0.0021	34.5281	34.5272	-0.0008	-0.00025	181	34.5281	34.5272	27.6795	27.6795	-0.0021	-0.00025	-0.0008	0.00E+00
183.9	0.7892	0.7885	2.944103	2.943962	3.77E-02	195.834	34.5277	-0.000144	-0.0007	95.9762	-66.2545	-67.34148	-0.0317	0	-0.0007	34.5293	34.5283	-0.0011	-0.000141	182	34.5293	34.5283	27.6806	27.6806	-0.0007	-0.000141	-0.0011	0.00E+00
184.911	0.7831	0.7828	2.943513	2.94339	3.80E-02	195.738	34.5262	-0.000125	-0.0002	96.0401	-66.2545	-67.34148	-0.0333	0	-0.0002	34.5279	34.5266	-0.0014	-0.000123	183	34.5279	34.5266	27.6799	27.6799	-0.0002	-0.000123	-0.0014	0.00E+00
185.921	0.7965	0.7947	2.94484	2.944592	3.78E-02	195.066	34.5278	-0.000245	-0.0018	96.0224	-66.2545	-67.3415	-0.0358	0	-0.0018	34.5296	34.5284	-0.0012	-0.000249	184	34.5296	34.5284	27.6804	27.6804	-0.0018	-0.000248	-0.0012	0.00E+00
186.932	0.8142	0.8087	2.946653	2.946123	3.73E-02	194.262	34.5311	-0.00052	-0.0054	96.0242	-66.2545	-67.34151	-0.0355	0	-0.0054	34.5328	34.532	-0.0007	-0.00053	185	34.5328	34.532	27.6819	27.6819	-0.0054	-0.00053	-0.0007	0.00E+00
187.943	0.8217	0.8212	2.947674	2.947555	3.72E-02	194.231	34.535	-0.000123	-0.0005	96.0386	-66.2545	-67.34152	-0.0613	0	-0.0005	34.5371	34.5361	-0.0011	-0.000119	186	34.5371	34.5361	27.6848	27.6848	-0.0005	-0.000119	-0.0011	0.00E+00
188.954	0.8269	0.8265	2.948276	2.94814	3.68E-02	192.545	34.5362	-0.000139	-0.0004	96.0378	-66.2545	-67.34152	-0.058	0	-0.0004	34.5385	34.5372	-0.0013	-0.000136	187	34.5385	34.5372	27.6856	27.6856	-0.0004	-0.000136	-0.0013	0.00E+00
189.965	0.8873	0.8868	2.954224	2.954089	3.68E-02	191.227	34.5438	-0.000138	-0.0006	96.0549	-66.2545	-67.34152	-0.0394	0	-0.0005	34.5477	34.5465	-0.0012	-0.000135	188	34.5477	34.5465	27.6891	27.6891	-0.0005	-0.000135	-0.0012	0.00E+00
190.976	0.9366	0.9357	2.959878	2.959826	3.62E-02	190.579	34.5624	-0.000053	-0.0009	96.0602	-66.25451	-67.34154	-0.0345	0	-0.0009	34.5654	34.5658	0.0003	-0.000052	189	34.5654	34.5658	27.7002	27.7002	-0.0009	-0.000052	0.0003	0.00E+00
191.987	0.9436	0.942	2.960783	2.960563	3.62E-02	190.101	34.5653	-0.000221	-0.0016	96.0908	-66.25452	-67.34154	-0.0356	0	-0.0016	34.5688	34.5677	-0.0011	-0.000221	190	34.5688	34.5677	27.7024	27.7024	-0.0016	-0.000221	-0.0011	0.00E+00
192.998	0.9615	0.9605	2.962725	2.962536	3.62E-02	189.535	34.5696	-0.000189	-0.001	96.1268	-66.25452	-67.34155	-0.0575	0	-0.001	34.5733	34.572	-0.0014	-0.000189	191	34.5733	34.572	27.705	27.705	-0.001	-0.000189	-0.0014	0.00E+00
194.009	0.9709	0.97	2.963829	2.963649	3.58E-02	189.149	34.573	-0.000182	-0.0008	96.1542	-66.25452	-67.34156	-0.0637	0	-0.0008	34.5766	34.5752	-0.0014	-0.00018	192	34.5766	34.5752	27.7069	27.7069	-0.0008	-0.00018	-0.0014	0.00E+00
195.02	0.979	0.9785	2.964705	2.964559	3.53E-02	188.932	34.5749	-0.000147	-0.0005	96.1691	-66.25452	-67.34156	-0.072	0	-0.0005	34.5782	34.5769	-0.0013	-0.000145	193	34.5782	34.5769	27.7077	27.7077	-0.0005	-0.000145	-0.0013	0.00E+00
196.031	0.9824	0.9821	2.965135	2.965007	3.53E-02	188.745	34.5764	-0.000128	-0.0003	96.1767	-66.25452	-67.34158	-0.0731	0	-0.0003	34.5794	34.5781	-0.0013	-0.000128	194	34.5794	34.5781	27.7085	27.7085	-0.0003	-0.000128	-0.0013	0.00E+00
197.042	0.9857	0.9857	2.965492	2.965405	3.52E-02	188.502	34.5772	-0.000092	0	96.1456	-66.25452	-67.34158	-0.0555	0	-9.75E-07	34.5798	34.5787	-0.0011	-0.000087	195	34.5798	34.5787	27.7086	27.7086	-9.54E-07	-0.000087	-0.0011	0.00E+00
198.053	1.0064	1.0051	2.967629	2.967482	3.48E-02	188.084	34.5816	-0.000144	-0.0012	96.173	-66.25452	-67.34158	-0.0334	0	-0.0012	34.5838	34.5832	-0.0005	-0.000147	196	34.5838	34.5832	27.7104	27.7104	-0.0012	-0.000147	-0.0005	0.00E+00
199.064	1.0193	1.0187	2.969195	2.969088	3.48E-02	187.887	34.5868	-0.000107	-0.0007	96.1812	-66.25452	-67.34158	-0.0481	0	-0.0007	34.589	34.5884	-0.0006	-0.000107	197	34.589	34.5884	27.7137	27.7137	-0.0007	-0.000107	-0.0006	0.00E+00
200.074	1.0268	1.0253	2.970091	2.96988	3.47E-02	187.653	34.5892	-0.00021	-0.0015	96.1697	-66.25452	-67.34158	-0.051	0	-0.0015	34.5917	34.5906	-0.0011	-0.000211	198	34.5917	34.5906	27.7154	27.7154	-0.0015	-0.000211	-0.0011	0.00E+00
201.085	1.0336	1.0335	2.97094	2.970849	3.46E-02	187.416	34.5921	-0.000093	-0.0001	96.1877	-66.25452	-67.34158	-0.0634	0	-0.0001	34.5944	34.5934	-0.0011	-0.000091	199	34.5944	34.5934	27.7171	27.7171	-0.0001	-0.000091	-0.0011	0.00E+00
202.096	1.0369	1.037	2.971331	2.971251	3.46E-02	187.144	34.5929	-0.000081	0.0001	96.1903	-66.25452	-67.34159	-0.0536	0	0.0001	34.5952	34.594	-0.0012	-0.00008	200	34.5952	34.594	27.7175	27.7175	0.0001	-0.00008	-0.0012	0.00E+00
203.107	1.0513	1.0473	2.9728	2.972373	3.46E-02	186.681	34.5953	-0.000423	-0.004	96.1755	-66.25453	-67.3416	-0.047	0	-0.004	34.5976	34.5965	-0.0009	-0.000427	201	34.5976	34.5965	27.7185	27.7185	-0.004	-0.000427	-0.0009	0.00E+00
204.118	1.0682	1.0637	2.974763	2.974198	3.44E-02	186.691	34.5998	-0.000557	-0.0045	96.1738	-66.25454	-67.3416	-0.0717	0	-0.0046	34.6034	34.6012	-0.0021	-0.000566	202	34.6034	34.6012	27.7221	27.7221	-0.0046	-0.000566	-0.0022	0.00E+00
205.129	1.0614	1.0611	2.974127	2.974002	3.45E-02	186.665	34.6	-0.000129	-0.0003	96.1869	-66.25454	-67.3416	-0.035	0	-0.0003	34.6023	34.601	-0.0013	-0.000125	203	34.6023	34.601	27.7216	27.7216	-0.0003	-0.000125	-0.0013	0.00E+00
206.14	1.0616	1.0621	2.974182	2.974145	3.41E-02	186.368	34.6003	-0.000042	0.0005	96.1646	-66.25454	-67.3416	-0.054	0	0.0006	34.6022	34.6011	-0.0011	-0.000037	204	34.6022	34.6011	27.7215	27.7215	0.0006	-0.000037	-0.0011	0.00E+00
207.151	1.0778	1.0733	2.975756	2.97526	3.43E-02	185.154	34.6016	-0.000487	-0.0045	96.184	-66.25454	-67.3416	-0.0743	0	-0.0045	34.6038	34.6025	-0.0012	-0.000496	205	34.6038	34.6025	27.7217	27.7217	-0.0045	-0.000496	-0.0012	0.00E+00
208.162	1.1198	1.1174	2.980403	2.98013	3.43E-02	184.314	34.6135	-0.000271	-0.0023	96.1579	-66.25454	-67.3416	-0.0756	0	-0.0023	34.6164	34.6155	-0.0009	-0.000273	206	34.6164	34.6155	27.7291	27.7291	-0.0023	-0.000273	-0.0009	0.00E+00
209.173	1.1398	1.1416	2.982661	2.982748	3.37E-02	183.729	34.6193	0.000078	0.0018	96.147	-66.25454	-67.34162	-0.0766	0	0.0019	34.6227	34.6217	-0.001	0.000087	207	34.6227	34.6217	27.7327	27.7327	0.0019	0.000087	-0.001	0.00E+00
210.184	1.1611	1.1625	2.98502	2.985142	3.37E-02	183.128	34.6262	0.000115	0.0014	96.1786	-66.25454	-67.34162	-0.0745	0	0.0014	34.6287	34.6288	-0.0001	0.000122	208	34.6287	34.6288	27.7361	27.7361	0.0014	0.000122	-0.0001	0.00E+00
211.195	1.1837	1.1846	2.987432	2.987555	3.34E-02	182.68	34.6319	0.000119	0.0008	96.1835	-66.25454	-67.34162	-0.0747	0	0.0009	34.634	34.6346	0.0006	0.000124	209	34.634	34.6346	27.7388	27.7388	0.0009	0.000124	0.0006	0.00E+00
212.206	1.1978	1.1961	2.989067	2.988831	3.32E-02	182.444	34.6355	-0.000234	-0.0017	96.1831	-66.25454	-67.34163	-0.0425	0	-0.0017	34.6388	34.6376	-0.0011	-0.000236	210	34.6388	34.6376	27.7417	27.7417	-0.0017	-0.000237	-0.0011	0.00E+00
213.217	1.204	1.2023	2.989777	2.989556	3.34E-02	182.156	34.6378	-0.000219	-0.0017	96.1998	-66.25454	-67.34162	-0.0745	0	-0.0017	34.6404	34.6395	-0.0009	-0.00022	211	34.6404	34.6395	27.7426	27.7426	-0.0017	-0.000221	-0.0009	0.00E+00
214.229	1.2109	1.2092	2.99061	2.990363	3.35E-02	182.211	34.64	-0.000247	-0.0018	96.2141	-66.25454	-67.34163	-0.0763	0	-0.0017	34.6429	34.6416	-0.0012	-0.000248	212	34.6429	34.6416	27.7441	27.7441	-0.0017	-0.000248	-0.0012	0.00E+00
215.24	1.2205	1.2207	2.99169	2.991619	3.19E-02	181.995	34.644	-0.00007	0.0002	96.2634	-66.25453	-67.34157	-0.0729	0	0.0002	34.6455	34.6443	-0.0011	-0.000071	213	34.6455	34.6443	27.7455	27.7455	0.0002	-0.000071	-0.0011	0.00E+00
