PrDM	T090C	T190C	C0S/m	C1S/m	Par	OxMm/Kg	Sal11	C2-C1S/m	T2-T190C	CStarTr0	Latitude	Longitude	FlECO-AFL	ModError	T2-T190C	Sal00	Sal11	SecS-priS	C2-C1S/m	DepSM	Sal00	Sal11	Sigma-t00	Sigma-t00	T2-T190C	C2-C1S/m	SecS-priS	Flag
5.051	-0.5815	-0.5773	2.694055	2.694571	2.39E+02	356.058	32.8465	0.000499	0.0042	85.5148	-68.25802	-75.15876	0.405	0	0.0042	32.8451	32.8474	0.0021	0.000516	5	32.8451	32.8474	26.3918	26.3918	0.0042	0.000516	0.0021	0.00E+00
6.061	-0.5661	-0.5656	2.697435	2.69726	2.10E+02	355.65	32.8691	-0.000177	0.0005	85.7609	-68.25802	-75.15876	0.4522	0	0.0005	32.8731	32.8701	-0.003	-0.000174	6	32.8731	32.8701	26.4138	26.4138	0.0005	-0.000175	-0.0029	0.00E+00
7.071	-0.5539	-0.558	2.700194	2.698987	1.85E+02	355.151	32.8834	-0.001198	-0.004	85.8922	-68.25802	-75.15876	0.5203	0	-0.004	32.8962	32.8844	-0.0117	-0.001206	7	32.8962	32.8844	26.4321	26.4321	-0.004	-0.001206	-0.0117	0.00E+00
8.081	-0.5448	-0.5438	2.702199	2.702058	1.70E+02	354.991	32.9083	-0.000148	0.0011	86.2394	-68.25802	-75.15876	0.5485	0	0.0011	32.9126	32.9096	-0.0031	-0.000141	8	32.9126	32.9096	26.445	26.445	0.0011	-0.000141	-0.0031	0.00E+00
9.091	-0.5255	-0.5253	2.706031	2.705709	1.54E+02	354.188	32.9364	-0.000338	0.0002	86.3253	-68.25802	-75.15876	0.5866	0	0.0002	32.9424	32.9379	-0.0047	-0.000321	9	32.9424	32.9379	26.4683	26.4683	0.0002	-0.000321	-0.0047	0.00E+00
10.101	-0.5121	-0.5151	2.709289	2.708328	1.39E+02	354.137	32.9597	-0.00094	-0.003	86.4406	-68.25802	-75.15876	0.6505	0	-0.003	32.9708	32.9612	-0.0094	-0.000961	10	32.9708	32.9612	26.4908	26.4908	-0.003	-0.000961	-0.0094	0.00E+00
11.112	-0.5231	-0.5239	2.706818	2.706267	1.26E+02	354.145	32.9418	-0.000542	-0.0008	86.5194	-68.25802	-75.15876	0.6701	0	-0.0008	32.949	32.9425	-0.0064	-0.000551	11	32.949	32.9426	26.4736	26.4736	-0.0008	-0.000551	-0.0064	0.00E+00
12.122	-0.5272	-0.5252	2.70613	2.706228	1.15E+02	353.922	32.9421	0.000081	0.002	86.6196	-68.25802	-75.15876	0.6452	0	0.002	32.9437	32.9428	-0.0011	0.000098	12	32.9437	32.9428	26.4694	26.4694	0.002	0.000098	-0.0011	0.00E+00
13.132	-0.5098	-0.5116	2.709419	2.708793	1.09E+02	352.614	32.961	-0.000621	-0.0018	86.6865	-68.25802	-75.15876	0.6763	0	-0.0019	32.9682	32.9618	-0.0063	-0.000625	13	32.9682	32.9618	26.4885	26.4885	-0.0019	-0.000625	-0.0063	0.00E+00
14.142	-0.5177	-0.5135	2.708309	2.708543	1.01E+02	352.381	32.9595	0.000228	0.004	86.8314	-68.25802	-75.15876	0.7514	0	0.0042	32.9613	32.9599	-0.0014	0.000234	14	32.9613	32.9599	26.4833	26.4833	0.0042	0.000234	-0.0014	0.00E+00
15.152	-0.4697	-0.4821	2.717276	2.714511	9.33E+01	349.537	33.0034	-0.002736	-0.0123	86.8702	-68.25802	-75.15876	0.7944	0	-0.0124	33.0285	33.0049	-0.0233	-0.002765	15	33.0286	33.005	26.5357	26.5357	-0.0124	-0.002765	-0.0233	0.00E+00
16.163	-0.3804	-0.3809	2.733518	2.733099	8.48E+01	348.755	33.1383	-0.000423	-0.0005	86.9548	-68.25802	-75.15876	0.8279	0	-0.0005	33.1477	33.1427	-0.0051	-0.000418	16	33.1477	33.1427	26.6283	26.6283	-0.0005	-0.000418	-0.0051	0.00E+00
17.173	-0.3556	-0.3543	2.739003	2.739393	7.70E+01	348.041	33.1931	0.000383	0.0013	87.2728	-68.25802	-75.15876	0.8043	0	0.0013	33.1932	33.197	0.0037	0.00039	17	33.1932	33.197	26.664	26.664	0.0013	0.00039	0.0037	0.00E+00
18.183	-0.3355	-0.3372	2.748509	2.74805	7.03E+01	337.568	33.2901	-0.000452	-0.0017	87.7677	-68.25802	-75.15876	0.9015	0	-0.0017	33.2976	33.2933	-0.0042	-0.000459	18	33.2976	33.2933	26.7475	26.7475	-0.0017	-0.000459	-0.0042	0.00E+00
19.193	-0.6236	-0.6112	2.730151	2.730991	6.56E+01	330.112	33.3719	0.000803	0.0124	88.2476	-68.25802	-75.15876	1.0076	0	0.0124	33.3677	33.3653	-0.0029	0.00084	19	33.3678	33.3654	26.8164	26.8164	0.0124	0.00084	-0.0029	0.00E+00
20.203	-1.013	-1.0079	2.706022	2.706031	6.05E+01	325.963	33.4848	-0.000002	0.0052	88.5651	-68.25802	-75.15876	1.0668	0	0.0051	33.4725	33.4669	-0.0058	0.00001	20	33.4725	33.4669	26.9158	26.9158	0.0051	0.00001	-0.0058	0.00E+00
21.214	-1.3632	-1.3726	2.6819	2.681095	5.44E+01	318.485	33.5561	-0.000822	-0.0096	89.9182	-68.25802	-75.15876	1.0895	0	-0.0094	33.5338	33.5332	-0.0005	-0.000805	21	33.5338	33.5332	26.9769	26.9769	-0.0094	-0.000805	-0.0005	0.00E+00
22.224	-1.5308	-1.5254	2.672626	2.672516	4.98E+01	316.281	33.6082	-0.000128	0.0054	91.7537	-68.25802	-75.15876	0.8851	0	0.0054	33.594	33.5864	-0.0079	-0.00011	22	33.594	33.5864	27.0307	27.0307	0.0054	-0.00011	-0.0079	0.00E+00
23.234	-1.4877	-1.4821	2.679836	2.680198	4.69E+01	315.966	33.6586	0.000348	0.0055	92.8903	-68.25802	-75.15876	0.662	0	0.0055	33.6443	33.643	-0.0015	0.000363	23	33.6443	33.643	27.0703	27.0703	0.0055	0.000363	-0.0015	0.00E+00
24.244	-1.357	-1.3553	2.696662	2.696704	4.51E+01	315.633	33.7344	0.000033	0.0017	93.2221	-68.25802	-75.15876	0.5385	0	0.0017	33.728	33.7267	-0.0014	0.000042	24	33.7281	33.7267	27.1345	27.1345	0.0017	0.000042	-0.0014	0.00E+00
25.255	-1.3124	-1.3137	2.703431	2.702999	4.17E+01	313.302	33.7703	-0.000431	-0.0013	93.2664	-68.25802	-75.15876	0.569	0	-0.0013	33.7702	33.7657	-0.0045	-0.000433	25	33.7702	33.7657	27.1673	27.1673	-0.0013	-0.000433	-0.0045	0.00E+00
26.265	-1.3404	-1.3309	2.703233	2.703521	3.80E+01	312.411	33.7959	0.000258	0.0095	93.1764	-68.25802	-75.15876	0.5494	0	0.0095	33.7985	33.7917	-0.0071	0.000288	26	33.7985	33.7917	27.1911	27.1911	0.0095	0.000288	-0.0071	0.00E+00
27.275	-1.4255	-1.4273	2.695716	2.695304	3.49E+01	312.107	33.7934	-0.000398	-0.0017	93.1463	-68.25802	-75.15876	0.5491	0	-0.0018	33.7906	33.787	-0.0036	-0.000412	27	33.7906	33.787	27.1874	27.1874	-0.0018	-0.000412	-0.0036	0.00E+00
28.285	-1.416	-1.4111	2.697408	2.6975	3.35E+01	310.671	33.8024	0.00008	0.0049	93.4308	-68.25802	-75.15876	0.5601	0	0.005	33.8027	33.7983	-0.0045	0.000092	28	33.8027	33.7983	27.1968	27.1968	0.005	0.000092	-0.0045	0.00E+00
29.296	-1.4835	-1.4749	2.69319	2.693327	3.24E+01	307.962	33.8173	0.000122	0.0085	93.6383	-68.25802	-75.15876	0.6117	0	0.0085	33.8203	33.8125	-0.008	0.000138	29	33.8203	33.8125	27.2132	27.2132	0.0085	0.000138	-0.008	0.00E+00
30.306	-1.5219	-1.5179	2.691216	2.691153	3.01E+01	304.875	33.8359	-0.000061	0.0041	93.7645	-68.25802	-75.15876	0.5618	0	0.004	33.8361	33.8306	-0.0055	-0.000063	30	33.8361	33.8306	27.2271	27.2271	0.004	-0.000063	-0.0055	0.00E+00
31.316	-1.6202	-1.6171	2.685085	2.684945	2.77E+01	302.301	33.8644	-0.000139	0.0031	93.8823	-68.25802	-75.15876	0.5445	0	0.0031	33.8624	33.8569	-0.0055	-0.00014	31	33.8624	33.8569	27.2513	27.2513	0.0031	-0.00014	-0.0055	0.00E+00
32.326	-1.7151	-1.7147	2.678025	2.677739	2.57E+01	300.062	33.8763	-0.000278	0.0004	93.9242	-68.25802	-75.15876	0.5873	0	0.0004	33.8718	33.8674	-0.0043	-0.000285	32	33.8718	33.8674	27.2615	27.2615	0.0004	-0.000285	-0.0043	0.00E+00
33.337	-1.7417	-1.7407	2.676682	2.676438	2.50E+01	299.54	33.8856	-0.00024	0.0009	94.0754	-68.25802	-75.15876	0.5916	0	0.0009	33.8829	33.8784	-0.0044	-0.000243	33	33.8829	33.8784	27.2712	27.2712	0.0009	-0.000243	-0.0044	0.00E+00
34.347	-1.7344	-1.7338	2.677628	2.677394	2.41E+01	298.998	33.8881	-0.00023	0.0007	94.3459	-68.25802	-75.15876	0.4568	0	0.0007	33.8871	33.8831	-0.004	-0.000234	34	33.8871	33.8831	27.2745	27.2745	0.0007	-0.000234	-0.004	0.00E+00
35.357	-1.7413	-1.7401	2.677737	2.677519	2.24E+01	297.469	33.8956	-0.000217	0.0012	94.3528	-68.25802	-75.15876	0.4523	0	0.0012	33.8959	33.8915	-0.0044	-0.000218	35	33.8959	33.8915	27.2818	27.2818	0.0012	-0.000218	-0.0044	0.00E+00
36.368	-1.7575	-1.7568	2.676524	2.676264	2.06E+01	298.682	33.896	-0.000258	0.0007	94.5111	-68.25802	-75.15876	0.394	0	0.0007	33.8969	33.8924	-0.0044	-0.00026	36	33.8969	33.8924	27.283	27.283	0.0007	-0.00026	-0.0044	0.00E+00
37.378	-1.7536	-1.7345	2.676997	2.678216	1.96E+01	301.814	33.8955	0.001163	0.0187	94.6733	-68.25802	-75.15876	0.3552	0	0.019	33.8983	33.8936	-0.0052	0.00122	37	33.8983	33.8936	27.2841	27.2841	0.019	0.00122	-0.0052	0.00E+00
38.388	-1.6064	-1.599	2.689809	2.690277	1.92E+01	302.879	33.9032	0.000485	0.0077	94.8123	-68.25802	-75.15876	0.3149	0	0.0074	33.9077	33.9058	-0.0021	0.000468	38	33.9077	33.9058	27.2877	27.2877	0.0074	0.000468	-0.0021	0.00E+00
39.398	-1.5402	-1.5499	2.696304	2.695117	1.87E+01	304.324	33.9128	-0.00113	-0.0097	94.9083	-68.25802	-75.15876	0.3965	0	-0.0097	33.9216	33.9163	-0.0046	-0.001187	39	33.9216	33.9163	27.2971	27.2971	-0.0097	-0.001187	-0.0046	0.00E+00
40.409	-1.5375	-1.4998	2.696481	2.699668	1.74E+01	304.895	33.9171	0.003091	0.0376	94.8929	-68.25802	-75.15876	0.4883	0	0.0377	33.9203	33.9215	-0.0001	0.003188	40	33.9203	33.9215	27.296	27.296	0.0377	0.003188	-0.0001	0.00E+00
41.419	-1.4889	-1.4912	2.701359	2.700853	1.61E+01	305.01	33.924	-0.000471	-0.0022	94.8468	-68.25802	-75.15876	0.4649	0	-0.0022	33.9318	33.9274	-0.004	-0.000506	41	33.9318	33.9274	27.3039	27.3039	-0.0022	-0.000506	-0.004	0.00E+00
42.429	-1.4881	-1.4879	2.701582	2.701336	1.53E+01	304.966	33.9268	-0.000226	0.0002	94.7937	-68.25802	-75.15876	0.5421	0	0.0002	33.9334	33.9297	-0.0034	-0.000246	42	33.9334	33.9297	27.3051	27.3051	0.0002	-0.000246	-0.0034	0.00E+00
43.44	-1.4867	-1.4865	2.701906	2.701644	1.47E+01	304.269	33.9294	-0.000247	0.0002	94.7965	-68.25802	-75.15876	0.5753	0	0.0002	33.9355	33.9317	-0.0037	-0.000262	43	33.9355	33.9317	27.3069	27.3069	0.0002	-0.000262	-0.0037	0.00E+00
44.45	-1.5201	-1.5224	2.699415	2.698964	1.44E+01	302.005	33.9346	-0.000436	-0.0024	94.8065	-68.25802	-75.15876	0.5037	0	-0.0024	33.9385	33.935	-0.0033	-0.000451	44	33.9385	33.935	27.3103	27.3103	-0.0024	-0.000451	-0.0033	0.00E+00
45.46	-1.5648	-1.5643	2.696012	2.695742	1.35E+01	300.075	33.9386	-0.000263	0.0005	94.8628	-68.25802	-75.15876	0.4977	0	0.0005	33.9418	33.9375	-0.0042	-0.00027	45	33.9418	33.9375	27.3142	27.3142	0.0005	-0.00027	-0.0042	0.00E+00
46.471	-1.6	-1.5991	2.693198	2.692979	1.26E+01	298.432	33.9402	-0.000214	0.0009	94.9377	-68.25802	-75.15876	0.4793	0	0.0009	33.9423	33.9382	-0.004	-0.000219	46	33.9423	33.9382	27.3156	27.3156	0.0009	-0.000218	-0.004	0.00E+00
47.481	-1.6494	-1.6498	2.689166	2.68885	1.19E+01	296.019	33.9413	-0.000311	-0.0004	94.9641	-68.25802	-75.15876	0.4588	0	-0.0004	33.9421	33.9382	-0.0038	-0.000316	47	33.9421	33.9382	27.3168	27.3168	-0.0004	-0.000316	-0.0038	0.00E+00
48.492	-1.7157	-1.7124	2.683862	2.683779	1.15E+01	294.501	33.943	-0.000087	0.0033	95.1351	-68.25802	-75.15876	0.3931	0	0.0033	33.9435	33.9386	-0.005	-0.000083	48	33.9435	33.9386	27.3198	27.3198	0.0033	-0.000083	-0.005	0.00E+00
49.502	-1.7421	-1.742	2.681665	2.681396	1.10E+01	294.315	33.943	-0.000265	0.0001	95.1915	-68.25802	-75.15876	0.3318	0	0.0001	33.9425	33.9387	-0.0038	-0.000269	49	33.9425	33.9387	27.3197	27.3197	0.0001	-0.000269	-0.0038	0.00E+00
50.512	-1.7461	-1.7455	2.681279	2.681049	1.04E+01	294.334	33.9406	-0.000227	0.0006	95.2527	-68.25802	-75.15876	0.2308	0	0.0006	33.9411	33.9372	-0.0039	-0.00023	50	33.9411	33.9372	27.3186	27.3186	0.0006	-0.00023	-0.0039	0.00E+00
51.523	-1.7365	-1.7353	2.682429	2.682288	9.93E+00	293.822	33.9439	-0.000139	0.0012	95.6023	-68.25802	-75.15876	0.2212	0	0.0012	33.9454	33.9421	-0.0033	-0.00014	51	33.9454	33.9421	27.3219	27.3219	0.0012	-0.00014	-0.0033	0.00E+00
52.533	-1.7341	-1.7338	2.682992	2.682756	9.54E+00	293.499	33.9477	-0.000233	0.0003	95.6503	-68.25802	-75.15876	0.2229	0	0.0003	33.9499	33.9463	-0.0036	-0.000236	52	33.9499	33.9463	27.3255	27.3255	0.0003	-0.000236	-0.0036	0.00E+00
53.543	-1.7197	-1.7195	2.684508	2.684281	9.09E+00	293.264	33.9512	-0.000225	0.0002	95.683	-68.25802	-75.15876	0.222	0	0.0002	33.9539	33.9505	-0.0034	-0.000226	53	33.9539	33.9505	27.3284	27.3284	0.0002	-0.000226	-0.0034	0.00E+00
54.554	-1.7391	-1.7392	2.683068	2.682777	8.71E+00	293.197	33.9526	-0.000283	0	95.7101	-68.25802	-75.15876	0.2135	0	0	33.9554	33.9514	-0.0039	-0.00029	54	33.9554	33.9514	27.3301	27.3301	0	-0.00029	-0.0039	0.00E+00
55.564	-1.7105	-1.7081	2.685685	2.685761	8.46E+00	292.59	33.9566	0.000069	0.0023	95.7423	-68.25802	-75.15876	0.2408	0	0.0023	33.9584	33.9568	-0.0017	0.000076	55	33.9584	33.9568	27.3318	27.3318	0.0023	0.000077	-0.0017	0.00E+00
56.575	-1.7206	-1.7217	2.685188	2.684807	8.00E+00	292.179	33.9587	-0.000375	-0.0011	95.7744	-68.25802	-75.15876	0.2253	0	-0.0011	33.9625	33.9584	-0.004	-0.00038	56	33.9625	33.9584	27.3354	27.3354	-0.0011	-0.00038	-0.004	0.00E+00
57.585	-1.741	-1.7403	2.683512	2.683339	7.58E+00	291.875	33.9594	-0.000172	0.0007	95.7303	-68.25802	-75.15876	0.2114	0	0.0007	33.9619	33.9587	-0.0032	-0.000173	57	33.9619	33.9587	27.3354	27.3354	0.0007	-0.000173	-0.0032	0.00E+00
58.595	-1.7452	-1.7447	2.683403	2.683209	7.29E+00	291.608	33.9619	-0.000194	0.0005	95.7864	-68.25802	-75.15876	0.1986	0	0.0006	33.9645	33.9612	-0.0033	-0.000194	58	33.9645	33.9612	27.3377	27.3377	0.0006	-0.000195	-0.0033	0.00E+00
59.606	-1.7258	-1.7259	2.685331	2.685096	6.97E+00	291.458	33.9653	-0.000233	-0.0001	95.8495	-68.25802	-75.15876	0.1834	0	-0.0001	33.9685	33.9653	-0.0032	-0.000235	59	33.9685	33.9653	27.3404	27.3404	-0.0001	-0.000235	-0.0032	0.00E+00
60.616	-1.7253	-1.7249	2.685504	2.685287	6.68E+00	291.086	33.9662	-0.000217	0.0004	95.8902	-68.25802	-75.15876	0.1998	0	0.0004	33.9697	33.9662	-0.0035	-0.000217	60	33.9697	33.9662	27.3413	27.3413	0.0004	-0.000217	-0.0035	0.00E+00
61.627	-1.7189	-1.718	2.686135	2.685981	6.45E+00	291.104	33.967	-0.000154	0.0009	95.839	-68.25802	-75.15876	0.2129	0	0.0009	33.9704	33.9673	-0.0032	-0.000154	61	33.9704	33.9673	27.3418	27.3418	0.0009	-0.000154	-0.0032	0.00E+00
62.637	-1.72	-1.7195	2.686248	2.686045	6.21E+00	291.396	33.9691	-0.000203	0.0005	95.8263	-68.25802	-75.15876	0.1996	0	0.0005	33.9727	33.9693	-0.0034	-0.000203	62	33.9727	33.9693	27.3437	27.3437	0.0005	-0.000203	-0.0034	0.00E+00
63.647	-1.7113	-1.7108	2.687089	2.686899	5.96E+00	291.395	33.9701	-0.000189	0.0005	95.893	-68.25802	-75.15876	0.1989	0	0.0005	33.9738	33.9706	-0.0032	-0.000189	63	33.9738	33.9706	27.3443	27.3443	0.0005	-0.000189	-0.0032	0.00E+00
64.658	-1.7004	-1.7	2.688167	2.68797	5.68E+00	291.196	33.9718	-0.000197	0.0004	95.8849	-68.25802	-75.15876	0.1983	0	0.0004	33.9757	33.9725	-0.0032	-0.000197	64	33.9757	33.9725	27.3456	27.3456	0.0004	-0.000197	-0.0032	0.00E+00
65.668	-1.7054	-1.7027	2.687783	2.687802	5.41E+00	290.042	33.9723	0.000017	0.0027	95.8309	-68.25802	-75.15876	0.2111	0	0.0027	33.9754	33.9726	-0.0028	0.000019	65	33.9754	33.9726	27.3454	27.3454	0.0027	0.000019	-0.0028	0.00E+00
66.679	-1.7061	-1.7057	2.688079	2.687885	5.22E+00	289.453	33.9763	-0.000189	0.0004	95.9018	-68.25802	-75.15876	0.2054	0	0.0004	33.9796	33.9765	-0.0031	-0.000194	66	33.9796	33.9765	27.3489	27.3489	0.0004	-0.000194	-0.0031	0.00E+00
67.689	-1.6976	-1.6966	2.689047	2.688863	5.00E+00	289.556	33.9786	-0.000184	0.001	95.8913	-68.25802	-75.15876	0.2023	0	0.001	33.9827	33.9791	-0.0036	-0.000184	67	33.9827	33.9791	27.3512	27.3512	0.001	-0.000184	-0.0036	0.00E+00
68.7	-1.6888	-1.6881	2.690028	2.689846	4.78E+00	289.765	33.9817	-0.00018	0.0007	95.8976	-68.25802	-75.15876	0.1804	0	0.0007	33.9857	33.9824	-0.0033	-0.000182	68	33.9857	33.9824	27.3534	27.3534	0.0007	-0.000182	-0.0033	0.00E+00
69.71	-1.6957	-1.6941	2.689555	2.689349	4.57E+00	288.909	33.9814	-0.000207	0.0016	95.9501	-68.25802	-75.15876	0.1798	0	0.0016	33.9864	33.9817	-0.0047	-0.000206	69	33.9864	33.9817	27.3541	27.3541	0.0016	-0.000206	-0.0047	0.00E+00
70.721	-1.7097	-1.7088	2.688565	2.688443	4.37E+00	288.737	33.9856	-0.000122	0.0009	95.9527	-68.25802	-75.15876	0.1982	0	0.0009	33.988	33.9853	-0.0027	-0.000122	70	33.988	33.9853	27.3558	27.3558	0.0009	-0.000122	-0.0027	0.00E+00
71.731	-1.6984	-1.6978	2.689669	2.689505	4.17E+00	289.05	33.9867	-0.000162	0.0006	95.926	-68.25802	-75.15876	0.1663	0	0.0006	33.9898	33.9868	-0.003	-0.000164	71	33.9898	33.9868	27.357	27.357	0.0006	-0.000164	-0.003	0.00E+00
72.742	-1.6212	-1.6198	2.696503	2.696501	4.02E+00	288.286	33.9916	-0.000003	0.0014	96.0115	-68.25802	-75.15876	0.1754	0	0.0014	33.9957	33.9941	-0.0017	-0.000002	72	33.9957	33.9941	27.3597	27.3597	0.0014	-0.000002	-0.0017	0.00E+00
73.752	-1.6499	-1.6493	2.69504	2.69485	3.89E+00	287.097	34.0035	-0.00019	0.0006	96.0261	-68.25802	-75.15876	0.1622	0	0.0006	34.0076	34.0043	-0.0033	-0.00019	73	34.0076	34.0043	27.3701	27.3701	0.0006	-0.00019	-0.0033	0.00E+00
74.763	-1.675	-1.6744	2.693061	2.692771	3.71E+00	286.971	34.0036	-0.000291	0.0006	96.0635	-68.25802	-75.15876	0.1395	0	0.0006	34.0083	34.0035	-0.0048	-0.00029	74	34.0083	34.0035	27.3713	27.3713	0.0006	-0.00029	-0.0048	0.00E+00
75.773	-1.6832	-1.6849	2.692284	2.691941	3.54E+00	284.503	34.0038	-0.00034	-0.0017	96.1556	-68.25802	-75.15876	0.1002	0	-0.0017	34.0062	34.0033	-0.0028	-0.000342	75	34.0062	34.0033	27.3698	27.3698	-0.0017	-0.000343	-0.0028	0.00E+00
76.783	-1.7202	-1.7186	2.689254	2.689175	3.42E+00	284.094	34.0043	-0.000083	0.0016	96.2446	-68.25802	-75.15876	0.0787	0	0.0016	34.0058	34.0029	-0.003	-0.000078	76	34.0058	34.0029	27.3705	27.3705	0.0016	-0.000078	-0.003	0.00E+00
77.794	-1.723	-1.7224	2.689128	2.688955	3.30E+00	283.998	34.0048	-0.000176	0.0006	96.2991	-68.25802	-75.15876	0.053	0	0.0006	34.0066	34.0034	-0.0032	-0.000174	77	34.0066	34.0034	27.3713	27.3713	0.0006	-0.000174	-0.0032	0.00E+00
78.804	-1.7194	-1.7189	2.689713	2.689529	3.19E+00	284.378	34.0079	-0.000186	0.0005	96.3392	-68.25802	-75.15876	0.0447	0	0.0005	34.01	34.0069	-0.0031	-0.000184	78	34.01	34.0069	27.3739	27.3739	0.0005	-0.000184	-0.0031	0.00E+00
79.815	-1.7114	-1.7107	2.690583	2.690429	3.06E+00	284.452	34.0098	-0.000155	0.0007	96.3416	-68.25802	-75.15876	0.0356	0	0.0007	34.0122	34.0093	-0.0029	-0.000153	79	34.0122	34.0093	27.3755	27.3755	0.0007	-0.000153	-0.0029	0.00E+00
80.826	-1.7024	-1.7021	2.691452	2.691195	2.91E+00	284.458	34.0096	-0.000256	0.0003	96.3653	-68.25802	-75.15876	0.0427	0	0.0003	34.0134	34.0095	-0.0039	-0.000257	80	34.0134	34.0095	27.3763	27.3763	0.0003	-0.000257	-0.0039	0.00E+00
81.836	-1.691	-1.6908	2.6928	2.692551	2.83E+00	283.583	34.0144	-0.000252	0.0002	96.3297	-68.25802	-75.15876	0.0422	0	0.0002	34.0185	34.0148	-0.0037	-0.000249	81	34.0185	34.0148	27.3801	27.3801	0.0002	-0.000249	-0.0037	0.00E+00
82.847	-1.6955	-1.6948	2.69268	2.69252	2.73E+00	282.871	34.0181	-0.000161	0.0007	96.289	-68.25802	-75.15876	0.0473	0	0.0007	34.0213	34.0183	-0.003	-0.000159	82	34.0213	34.0183	27.3824	27.3824	0.0007	-0.000159	-0.003	0.00E+00
83.857	-1.7054	-1.7049	2.692177	2.692001	2.63E+00	282.576	34.0221	-0.000175	0.0005	96.2851	-68.25802	-75.15876	0.0757	0	0.0005	34.0249	34.0219	-0.003	-0.000175	83	34.0249	34.0219	27.3857	27.3857	0.0005	-0.000175	-0.003	0.00E+00
84.868	-1.7083	-1.7077	2.69206	2.691896	2.52E+00	282.715	34.0233	-0.000164	0.0006	96.2804	-68.25802	-75.15876	0.049	0	0.0006	34.026	34.023	-0.003	-0.000164	84	34.026	34.023	27.3866	27.3866	0.0006	-0.000164	-0.003	0.00E+00
85.878	-1.7056	-1.7063	2.692247	2.692027	2.42E+00	282.274	34.0228	-0.000217	-0.0007	96.3727	-68.25802	-75.15876	0.0157	0	-0.0007	34.0249	34.0227	-0.0022	-0.00022	85	34.0249	34.0227	27.3857	27.3857	-0.0007	-0.00022	-0.0022	0.00E+00
86.889	-1.711	-1.7118	2.692086	2.691846	2.33E+00	282.021	34.0261	-0.000238	-0.0008	96.373	-68.25802	-75.15876	0.0149	0	-0.0008	34.0282	34.0259	-0.0024	-0.000239	86	34.0282	34.0259	27.3886	27.3886	-0.0008	-0.000239	-0.0024	0.00E+00
87.899	-1.7138	-1.7132	2.691998	2.691829	2.24E+00	281.733	34.0267	-0.000171	0.0006	96.4078	-68.25802	-75.15876	0.0138	0	0.0006	34.0296	34.0265	-0.0031	-0.000169	87	34.0296	34.0265	27.3897	27.3897	0.0006	-0.000169	-0.0031	0.00E+00
88.91	-1.7127	-1.7122	2.692504	2.692312	2.16E+00	281.548	34.0317	-0.000193	0.0004	96.4413	-68.25802	-75.15876	0.0153	0	0.0004	34.0347	34.0315	-0.0032	-0.000192	88	34.0347	34.0315	27.3938	27.3938	0.0004	-0.000192	-0.0032	0.00E+00
89.92	-1.7116	-1.7112	2.692804	2.692625	2.08E+00	281.623	34.0341	-0.00018	0.0005	96.432	-68.25802	-75.15876	-0.0048	0	0.0005	34.037	34.034	-0.003	-0.000179	89	34.037	34.034	27.3957	27.3957	0.0005	-0.000179	-0.003	0.00E+00
90.931	-1.7114	-1.7111	2.692767	2.692618	2.01E+00	281.275	34.0333	-0.000149	0.0003	96.4372	-68.25802	-75.15876	-0.0172	0	0.0003	34.0356	34.0332	-0.0024	-0.000149	90	34.0356	34.0332	27.3946	27.3946	0.0003	-0.000149	-0.0024	0.00E+00
91.942	-1.7128	-1.7123	2.69296	2.692792	1.95E+00	281.114	34.0365	-0.000168	0.0005	96.4655	-68.25802	-75.15876	-0.0138	0	0.0005	34.0393	34.0364	-0.0029	-0.000168	91	34.0393	34.0364	27.3976	27.3976	0.0005	-0.000168	-0.0029	0.00E+00
92.952	-1.7128	-1.7122	2.693027	2.692863	1.88E+00	281.305	34.0366	-0.000165	0.0006	96.4589	-68.25802	-75.15876	-0.0158	0	0.0006	34.0395	34.0365	-0.003	-0.000164	92	34.0395	34.0365	27.3978	27.3978	0.0006	-0.000164	-0.003	0.00E+00
93.963	-1.7123	-1.7118	2.693121	2.692959	1.81E+00	280.982	34.0368	-0.000163	0.0005	96.464	-68.25802	-75.15876	-0.0148	0	0.0005	34.0396	34.0368	-0.0028	-0.000162	93	34.0396	34.0368	27.3978	27.3978	0.0005	-0.000162	-0.0028	0.00E+00
94.973	-1.7089	-1.7085	2.693571	2.693401	1.74E+00	280.722	34.0384	-0.00017	0.0004	96.4708	-68.25802	-75.15876	-0.0169	0	0.0004	34.0413	34.0385	-0.0028	-0.000169	94	34.0413	34.0385	27.3991	27.3991	0.0004	-0.00017	-0.0028	0.00E+00
95.984	-1.7083	-1.7079	2.69397	2.693769	1.67E+00	280.457	34.0422	-0.000201	0.0004	96.4695	-68.25802	-75.15876	-0.0212	0	0.0004	34.0455	34.0423	-0.0033	-0.000201	95	34.0455	34.0423	27.4025	27.4025	0.0004	-0.000201	-0.0033	0.00E+00
96.994	-1.7085	-1.7082	2.694117	2.693879	1.61E+00	280.003	34.0435	-0.000238	0.0004	96.4722	-68.25802	-75.15876	-0.0285	0	0.0004	34.0472	34.0435	-0.0037	-0.000238	96	34.0472	34.0435	27.4039	27.4039	0.0004	-0.000238	-0.0037	0.00E+00
98.005	-1.7079	-1.7074	2.694497	2.694327	1.57E+00	279.645	34.0481	-0.000169	0.0006	96.4748	-68.25802	-75.15876	-0.0161	0	0.0006	34.0512	34.0482	-0.003	-0.00017	97	34.0512	34.0482	27.4071	27.4071	0.0006	-0.00017	-0.003	0.00E+00
99.016	-1.7048	-1.7044	2.695024	2.694851	1.52E+00	279.432	34.0512	-0.000174	0.0005	96.4414	-68.25802	-75.15876	-0.0336	0	0.0005	34.0543	34.0514	-0.003	-0.000173	98	34.0543	34.0514	27.4096	27.4096	0.0005	-0.000174	-0.003	0.00E+00
100.026	-1.7098	-1.7092	2.694954	2.694776	1.47E+00	279.402	34.0553	-0.000178	0.0006	96.4752	-68.25802	-75.15876	-0.0225	0	0.0006	34.0584	34.0552	-0.0032	-0.000178	99	34.0584	34.0552	27.413	27.413	0.0006	-0.000178	-0.0032	0.00E+00
101.037	-1.7162	-1.7158	2.694814	2.694641	1.42E+00	279.56	34.0606	-0.000173	0.0004	96.4898	-68.25802	-75.15876	-0.0177	0	0.0004	34.0632	34.0603	-0.0029	-0.000174	100	34.0632	34.0603	27.4171	27.4171	0.0004	-0.000174	-0.0029	0.00E+00
102.047	-1.7199	-1.7192	2.694603	2.694438	1.36E+00	279.509	34.061	-0.000166	0.0007	96.4937	-68.25802	-75.15876	-0.0233	0	0.0007	34.0638	34.0607	-0.0031	-0.000166	101	34.0638	34.0607	27.4177	27.4177	0.0007	-0.000165	-0.0031	0.00E+00
103.058	-1.7215	-1.7198	2.694502	2.694406	1.30E+00	279.526	34.0605	-0.000099	0.0018	96.498	-68.25802	-75.15876	-0.0268	0	0.0018	34.0636	34.0603	-0.0034	-0.000096	102	34.0636	34.0603	27.4176	27.4176	0.0018	-0.000096	-0.0034	0.00E+00
104.069	-1.7296	-1.7291	2.6942	2.694041	1.27E+00	279.39	34.0658	-0.000159	0.0005	96.5033	-68.25802	-75.15876	-0.0385	0	0.0005	34.0681	34.0653	-0.0028	-0.000159	103	34.0681	34.0653	27.4214	27.4214	0.0005	-0.000159	-0.0028	0.00E+00
105.079	-1.7305	-1.73	2.694381	2.694224	1.23E+00	279.54	34.0687	-0.000156	0.0005	96.5074	-68.25802	-75.15876	-0.036	0	0.0005	34.071	34.0682	-0.0028	-0.000157	104	34.071	34.0682	27.4238	27.4238	0.0005	-0.000157	-0.0028	0.00E+00
106.09	-1.7322	-1.7318	2.694548	2.69438	1.19E+00	279.445	34.0722	-0.000167	0.0004	96.5052	-68.25802	-75.15876	-0.0353	0	0.0004	34.0746	34.0718	-0.0028	-0.000167	105	34.0746	34.0718	27.4268	27.4268	0.0004	-0.000167	-0.0028	0.00E+00
107.101	-1.7317	-1.7313	2.694701	2.694533	1.15E+00	279.4	34.0731	-0.000168	0.0003	96.5074	-68.25802	-75.15876	-0.0357	0	0.0003	34.0755	34.0727	-0.0027	-0.000169	106	34.0755	34.0727	27.4275	27.4275	0.0003	-0.000169	-0.0027	0.00E+00
108.111	-1.7266	-1.7267	2.69533	2.695139	1.10E+00	279.111	34.0753	-0.00019	-0.0001	96.519	-68.25802	-75.15876	-0.0367	0	-0.0001	34.0778	34.0752	-0.0026	-0.000192	107	34.0778	34.0752	27.4293	27.4293	-0.0001	-0.000191	-0.0026	0.00E+00
109.122	-1.7201	-1.7197	2.696141	2.69598	1.06E+00	279.072	34.0781	-0.000163	0.0004	96.5199	-68.25802	-75.15876	-0.039	0	0.0004	34.081	34.0783	-0.0027	-0.000161	108	34.081	34.0783	27.4317	27.4317	0.0004	-0.000161	-0.0027	0.00E+00
110.133	-1.7269	-1.7276	2.695777	2.695536	1.03E+00	279.39	34.0806	-0.000237	-0.0006	96.5252	-68.25802	-75.15876	-0.0299	0	-0.0006	34.0831	34.0805	-0.0026	-0.000241	109	34.0831	34.0805	27.4336	27.4336	-0.0006	-0.000241	-0.0026	0.00E+00
111.143	-1.735	-1.7348	2.695179	2.694998	9.95E-01	279.369	34.0809	-0.000182	0.0002	96.5363	-68.25802	-75.15876	-0.0417	0	0.0002	34.0834	34.0806	-0.0028	-0.000181	110	34.0834	34.0806	27.434	27.434	0.0002	-0.000181	-0.0028	0.00E+00
112.154	-1.7321	-1.7324	2.695551	2.695319	9.64E-01	279.263	34.0819	-0.000229	-0.0003	96.5326	-68.25802	-75.15876	-0.0643	0	-0.0003	34.0846	34.0817	-0.0029	-0.000232	111	34.0846	34.0817	27.4349	27.4349	-0.0003	-0.000232	-0.0029	0.00E+00
113.165	-1.7193	-1.7226	2.696562	2.6962	9.35E-01	278.462	34.0819	-0.000355	-0.0032	96.5372	-68.25802	-75.15876	-0.0454	0	-0.0032	34.0834	34.082	-0.0013	-0.000362	112	34.0834	34.082	27.4336	27.4336	-0.0032	-0.000362	-0.0013	0.00E+00
114.175	-1.7057	-1.7062	2.698076	2.69782	9.11E-01	277.693	34.0845	-0.000257	-0.0005	96.5382	-68.25802	-75.15876	-0.0319	0	-0.0005	34.0882	34.0852	-0.003	-0.000256	113	34.0882	34.0852	27.4372	27.4372	-0.0005	-0.000256	-0.003	0.00E+00
115.186	-1.6922	-1.6908	2.699368	2.699275	8.81E-01	277.804	34.086	-0.000102	0.0014	96.5289	-68.25802	-75.15876	-0.0334	0	0.0014	34.09	34.087	-0.0031	-0.000094	114	34.09	34.087	27.4382	27.4382	0.0014	-0.000094	-0.0031	0.00E+00
116.197	-1.6859	-1.6853	2.700199	2.700061	8.49E-01	278.036	34.0899	-0.000142	0.0006	96.5352	-68.25802	-75.15876	-0.0357	0	0.0006	34.0936	34.091	-0.0026	-0.000138	115	34.0936	34.091	27.441	27.441	0.0006	-0.000138	-0.0026	0.00E+00
117.207	-1.6947	-1.6936	2.699544	2.699429	8.12E-01	277.761	34.0906	-0.000118	0.0011	96.5039	-68.25802	-75.15876	-0.0651	0	0.0011	34.094	34.0911	-0.0029	-0.000114	116	34.094	34.0911	27.4416	27.4416	0.0011	-0.000115	-0.0029	0.00E+00
118.218	-1.7065	-1.7061	2.69872	2.698557	7.83E-01	278.285	34.0928	-0.000162	0.0005	96.5531	-68.25802	-75.15876	-0.0737	0	0.0005	34.0955	34.0927	-0.0028	-0.000162	117	34.0955	34.0927	27.4431	27.4431	0.0005	-0.000162	-0.0028	0.00E+00
119.229	-1.7159	-1.7159	2.697959	2.697758	7.60E-01	278.106	34.0926	-0.0002	0	96.5333	-68.25802	-75.15876	-0.0607	0	0	34.0951	34.0923	-0.0028	-0.000202	118	34.0951	34.0923	27.443	27.443	0	-0.000202	-0.0028	0.00E+00
120.239	-1.7183	-1.7173	2.69786	2.697739	7.40E-01	278.298	34.0933	-0.000122	0.001	96.5543	-68.25802	-75.15876	-0.056	0	0.001	34.0957	34.0929	-0.0028	-0.000121	119	34.0957	34.0929	27.4436	27.4436	0.001	-0.000121	-0.0028	0.00E+00
121.25	-1.7141	-1.7129	2.698229	2.698142	7.20E-01	278.456	34.093	-0.000092	0.0012	96.5525	-68.25802	-75.15876	-0.0734	0	0.0012	34.0954	34.0928	-0.0026	-0.000087	120	34.0954	34.0928	27.4432	27.4432	0.0012	-0.000087	-0.0026	0.00E+00
122.261	-1.7188	-1.7187	2.697947	2.697752	6.99E-01	278.285	34.0938	-0.000194	0.0001	96.5596	-68.25802	-75.15876	-0.0532	0	0.0001	34.0962	34.0935	-0.0028	-0.000195	121	34.0962	34.0935	27.444	27.444	0.0001	-0.000195	-0.0028	0.00E+00
123.272	-1.7197	-1.7193	2.697921	2.69776	6.76E-01	278.485	34.0939	-0.00016	0.0003	96.5485	-68.25802	-75.15876	-0.0635	0	0.0004	34.0963	34.0936	-0.0026	-0.000161	122	34.0963	34.0936	27.4441	27.4441	0.0004	-0.000161	-0.0026	0.00E+00
124.282	-1.7197	-1.7185	2.697984	2.697878	6.51E-01	278.4	34.0938	-0.000108	0.0012	96.5532	-68.25802	-75.15876	-0.0608	0	0.0012	34.0965	34.0937	-0.0028	-0.000106	123	34.0965	34.0937	27.4442	27.4442	0.0012	-0.000106	-0.0028	0.00E+00
125.293	-1.7202	-1.7196	2.698027	2.69788	6.25E-01	277.989	34.0945	-0.000145	0.0006	96.5564	-68.25802	-75.15876	-0.0778	0	0.0006	34.0971	34.0943	-0.0028	-0.000147	124	34.0971	34.0943	27.4448	27.4448	0.0006	-0.000147	-0.0028	0.00E+00
126.304	-1.7199	-1.7195	2.698318	2.698166	6.05E-01	277.856	34.0976	-0.000152	0.0004	96.5493	-68.25802	-75.15876	-0.0386	0	0.0004	34.1001	34.0975	-0.0026	-0.000152	125	34.1001	34.0975	27.4472	27.4472	0.0004	-0.000152	-0.0026	0.00E+00
127.315	-1.7151	-1.7147	2.698951	2.698789	5.86E-01	277.518	34.1	-0.000161	0.0004	96.5531	-68.25802	-75.15876	-0.0639	0	0.0004	34.1028	34.1	-0.0027	-0.000162	126	34.1028	34.1	27.4492	27.4492	0.0004	-0.000162	-0.0027	0.00E+00
128.325	-1.7082	-1.7077	2.699812	2.699663	5.69E-01	277.502	34.1032	-0.00015	0.0005	96.5504	-68.25802	-75.15876	-0.0403	0	0.0005	34.1062	34.1035	-0.0027	-0.000149	127	34.1062	34.1035	27.4518	27.4518	0.0005	-0.000149	-0.0027	0.00E+00
129.336	-1.705	-1.7044	2.700312	2.700163	5.55E-01	277.301	34.1058	-0.000147	0.0006	96.562	-68.25802	-75.15876	-0.0642	0	0.0006	34.1089	34.1061	-0.0027	-0.000149	128	34.1089	34.1061	27.4539	27.4539	0.0006	-0.000149	-0.0027	0.00E+00
130.347	-1.699	-1.6998	2.700889	2.700623	5.39E-01	276.995	34.1062	-0.000263	-0.0008	96.5742	-68.25802	-75.15876	-0.0761	0	-0.0008	34.1093	34.1066	-0.0027	-0.000267	129	34.1093	34.1066	27.4541	27.4541	-0.0008	-0.000267	-0.0027	0.00E+00
131.358	-1.6947	-1.6936	2.701401	2.70131	5.22E-01	276.978	34.1078	-0.000094	0.0011	96.566	-68.25802	-75.15876	-0.0715	0	0.0011	34.1109	34.1083	-0.0026	-0.000092	130	34.1109	34.1083	27.4553	27.4553	0.0011	-0.000092	-0.0026	0.00E+00
132.368	-1.6842	-1.6838	2.702397	2.702231	5.05E-01	276.055	34.1085	-0.000165	0.0004	96.5715	-68.25802	-75.15876	-0.053	0	0.0004	34.112	34.1092	-0.0028	-0.000165	131	34.112	34.1092	27.4559	27.4559	0.0004	-0.000165	-0.0028	0.00E+00
133.379	-1.6627	-1.662	2.704352	2.704233	4.89E-01	275.779	34.1101	-0.00012	0.0008	96.5694	-68.25802	-75.15876	-0.0718	0	0.0008	34.1139	34.1113	-0.0026	-0.00012	132	34.1139	34.1114	27.4569	27.4569	0.0008	-0.000119	-0.0026	0.00E+00
134.39	-1.6495	-1.6489	2.705678	2.705547	4.73E-01	275.6	34.1125	-0.000131	0.0006	96.5719	-68.25802	-75.15876	-0.0747	0	0.0006	34.1165	34.114	-0.0025	-0.000131	133	34.1165	34.114	27.4586	27.4586	0.0006	-0.000131	-0.0025	0.00E+00
135.401	-1.6457	-1.6468	2.706041	2.705809	4.56E-01	275.119	34.1135	-0.000228	-0.0011	96.5684	-68.25802	-75.15876	-0.0749	0	-0.0011	34.1166	34.1146	-0.0019	-0.000232	134	34.1166	34.1146	27.4586	27.4586	-0.0011	-0.000232	-0.0019	0.00E+00
136.411	-1.6335	-1.633	2.707234	2.70709	4.44E-01	274.41	34.1147	-0.000146	0.0004	96.5713	-68.25802	-75.15876	-0.0513	0	0.0004	34.1184	34.1159	-0.0025	-0.000144	135	34.1184	34.1159	27.4597	27.4597	0.0004	-0.000144	-0.0025	0.00E+00
137.422	-1.6233	-1.6229	2.708362	2.708181	4.32E-01	274.432	34.1174	-0.000182	0.0005	96.5756	-68.25802	-75.15876	-0.0642	0	0.0005	34.1218	34.1188	-0.0031	-0.000181	136	34.1218	34.1188	27.4622	27.4622	0.0005	-0.000181	-0.0031	0.00E+00
138.433	-1.6136	-1.6134	2.709404	2.709229	4.19E-01	274.549	34.1202	-0.000175	0.0002	96.5608	-68.25802	-75.15876	-0.0752	0	0.0002	34.1244	34.1218	-0.0026	-0.000175	137	34.1244	34.1218	27.464	27.464	0.0002	-0.000175	-0.0026	0.00E+00
139.444	-1.6197	-1.6197	2.7091	2.708923	4.05E-01	274.793	34.123	-0.000178	0	96.5597	-68.25802	-75.15876	-0.0718	0	0	34.1266	34.1241	-0.0025	-0.000177	138	34.1266	34.1241	27.466	27.466	0	-0.000177	-0.0025	0.00E+00
140.455	-1.6272	-1.6265	2.708545	2.708429	3.91E-01	274.855	34.1239	-0.000117	0.0007	96.5657	-68.25802	-75.15876	-0.06	0	0.0007	34.1269	34.1245	-0.0025	-0.000116	139	34.1269	34.1245	27.4664	27.4664	0.0007	-0.000116	-0.0025	0.00E+00
141.465	-1.6326	-1.6324	2.70815	2.707991	3.81E-01	274.985	34.1242	-0.000159	0.0002	96.5542	-68.25802	-75.15876	-0.0755	0	0.0002	34.1269	34.1245	-0.0025	-0.000159	140	34.1269	34.1245	27.4666	27.4666	0.0002	-0.000159	-0.0025	0.00E+00
142.476	-1.6326	-1.6325	2.708264	2.708098	3.70E-01	274.846	34.1252	-0.000165	0.0001	96.5682	-68.25802	-75.15876	-0.0747	0	0.0001	34.1279	34.1254	-0.0024	-0.000166	141	34.1279	34.1254	27.4674	27.4674	0.0001	-0.000166	-0.0024	0.00E+00
143.487	-1.6248	-1.6247	2.708989	2.708787	3.59E-01	274.542	34.125	-0.0002	0.0001	96.5658	-68.25802	-75.15876	-0.0781	0	0	34.1283	34.1255	-0.0028	-0.000202	142	34.1283	34.1255	27.4675	27.4675	0	-0.000202	-0.0028	0.00E+00
144.498	-1.6086	-1.6104	2.710425	2.710102	3.47E-01	273.862	34.1257	-0.000319	-0.0018	96.573	-68.25802	-75.15876	-0.0781	0	-0.0018	34.129	34.1266	-0.0024	-0.000323	143	34.129	34.1266	27.4676	27.4676	-0.0018	-0.000323	-0.0024	0.00E+00
145.509	-1.5897	-1.5891	2.712198	2.712077	3.36E-01	273.37	34.1277	-0.000123	0.0006	96.5745	-68.25802	-75.15876	-0.0763	0	0.0006	34.1314	34.129	-0.0024	-0.000121	144	34.1314	34.129	27.469	27.469	0.0006	-0.000121	-0.0024	0.00E+00
146.52	-1.5774	-1.5781	2.71338	2.713133	3.26E-01	272.316	34.1292	-0.000246	-0.0007	96.5754	-68.25802	-75.15876	-0.0609	0	-0.0007	34.133	34.1303	-0.0026	-0.000247	145	34.133	34.1303	27.4699	27.4699	-0.0007	-0.000247	-0.0026	0.00E+00
147.53	-1.5537	-1.5541	2.71571	2.715469	3.18E-01	271.224	34.133	-0.000242	-0.0005	96.5651	-68.25802	-75.15876	-0.0714	0	-0.0004	34.1374	34.1346	-0.0028	-0.000242	146	34.1374	34.1346	27.4728	27.4728	-0.0004	-0.000242	-0.0028	0.00E+00
148.541	-1.5357	-1.5357	2.717378	2.717164	3.10E-01	270.229	34.1342	-0.000213	0	96.5638	-68.25802	-75.15876	-0.0771	0	0	34.1392	34.1362	-0.003	-0.000214	147	34.1392	34.1362	27.4738	27.4738	0	-0.000214	-0.003	0.00E+00
149.552	-1.4953	-1.4947	2.721225	2.721096	3.02E-01	269.638	34.1398	-0.000133	0.0007	96.5746	-68.25802	-75.15876	-0.0808	0	0.0007	34.1456	34.143	-0.0026	-0.000129	148	34.1456	34.143	27.4777	27.4777	0.0007	-0.000129	-0.0026	0.00E+00
150.563	-1.4831	-1.4825	2.722464	2.722309	2.92E-01	269.746	34.142	-0.000155	0.0005	96.5618	-68.25802	-75.15876	-0.0768	0	0.0005	34.148	34.1453	-0.0027	-0.000155	149	34.148	34.1453	27.4793	27.4793	0.0005	-0.000154	-0.0027	0.00E+00
151.574	-1.4816	-1.4848	2.722671	2.722208	2.82E-01	269.431	34.1435	-0.000457	-0.0032	96.5678	-68.25802	-75.15876	-0.0727	0	-0.0032	34.1485	34.1458	-0.0026	-0.000463	150	34.1485	34.1458	27.4797	27.4797	-0.0032	-0.000463	-0.0026	0.00E+00
152.585	-1.4629	-1.466	2.724284	2.723843	2.74E-01	267.311	34.1441	-0.000439	-0.0031	96.5633	-68.25802	-75.15876	-0.0786	0	-0.0031	34.1488	34.1463	-0.0025	-0.000442	151	34.1488	34.1463	27.4793	27.4793	-0.0031	-0.000442	-0.0025	0.00E+00
153.596	-1.4148	-1.4044	2.728818	2.729605	2.68E-01	266.23	34.1509	0.000759	0.0104	96.567	-68.25802	-75.15876	-0.0771	0	0.0104	34.1557	34.1547	-0.0014	0.000787	152	34.1557	34.1547	27.4835	27.4835	0.0104	0.000787	-0.0014	0.00E+00
154.606	-1.3895	-1.3889	2.731301	2.731215	2.60E-01	266.02	34.1547	-0.00009	0.0007	96.5769	-68.25802	-75.15876	-0.0795	0	0.0007	34.1604	34.1585	-0.002	-0.000086	153	34.1604	34.1585	27.4865	27.4865	0.0007	-0.000086	-0.002	0.00E+00
155.617	-1.3897	-1.3884	2.731374	2.731353	2.52E-01	265.894	34.156	-0.000024	0.0013	96.5521	-68.25802	-75.15876	-0.069	0	0.0013	34.161	34.1592	-0.0018	-0.000021	154	34.161	34.1592	27.4869	27.4869	0.0013	-0.000021	-0.0018	0.00E+00
156.628	-1.3918	-1.3913	2.731251	2.731128	2.44E-01	265.968	34.1563	-0.000122	0.0005	96.5615	-68.25802	-75.15876	-0.0737	0	0.0005	34.161	34.1588	-0.0022	-0.000122	155	34.161	34.1588	27.487	27.487	0.0005	-0.000122	-0.0022	0.00E+00
157.639	-1.388	-1.3877	2.731614	2.731482	2.37E-01	265.724	34.157	-0.000133	0.0003	96.554	-68.25802	-75.15876	-0.0715	0	0.0003	34.1611	34.1589	-0.0021	-0.000132	156	34.1611	34.1589	27.4869	27.4869	0.0003	-0.000132	-0.0021	0.00E+00
158.65	-1.3875	-1.3872	2.731701	2.731577	2.31E-01	265.79	34.1575	-0.000124	0.0003	96.5542	-68.25802	-75.15876	-0.0772	0	0.0003	34.1611	34.159	-0.0021	-0.000124	157	34.1611	34.159	27.4869	27.4869	0.0003	-0.000124	-0.0021	0.00E+00
159.661	-1.3876	-1.3866	2.731732	2.731661	2.24E-01	266.013	34.1577	-0.000073	0.001	96.5573	-68.25802	-75.15876	-0.0751	0	0.001	34.161	34.1589	-0.0022	-0.00007	158	34.161	34.1589	27.4869	27.4869	0.001	-0.00007	-0.0022	0.00E+00
160.672	-1.3863	-1.3857	2.731881	2.731781	2.18E-01	265.553	34.1579	-0.000102	0.0006	96.5529	-68.25802	-75.15876	-0.0729	0	0.0006	34.1609	34.1589	-0.002	-0.000101	159	34.1609	34.1589	27.4867	27.4867	0.0006	-0.000101	-0.002	0.00E+00
161.683	-1.3837	-1.3846	2.732149	2.731921	2.12E-01	265.644	34.1581	-0.000224	-0.0008	96.5558	-68.25802	-75.15876	-0.074	0	-0.0008	34.161	34.1589	-0.0021	-0.000228	160	34.161	34.1589	27.4868	27.4868	-0.0008	-0.000228	-0.0021	0.00E+00
162.694	-1.3811	-1.3805	2.732478	2.732358	2.06E-01	265.588	34.1588	-0.000122	0.0006	96.5523	-68.25802	-75.15876	-0.0691	0	0.0006	34.1619	34.1596	-0.0023	-0.00012	161	34.1619	34.1596	27.4874	27.4874	0.0006	-0.00012	-0.0023	0.00E+00
163.705	-1.3823	-1.3819	2.732461	2.73234	2.00E-01	265.399	34.1597	-0.000121	0.0004	96.5547	-68.25802	-75.15876	-0.0789	0	0.0004	34.1624	34.1603	-0.0022	-0.000121	162	34.1624	34.1603	27.4879	27.4879	0.0004	-0.000121	-0.0022	0.00E+00
164.715	-1.3703	-1.3697	2.733562	2.733473	1.94E-01	265.044	34.1605	-0.00009	0.0006	96.5526	-68.25802	-75.15876	-0.0779	0	0.0006	34.1632	34.1614	-0.0019	-0.000089	163	34.1632	34.1614	27.4881	27.4881	0.0006	-0.000089	-0.0019	0.00E+00
165.726	-1.3448	-1.3445	2.73598	2.735857	1.89E-01	263.584	34.1633	-0.000123	0.0002	96.5532	-68.25802	-75.15876	-0.0718	0	0.0002	34.1667	34.1648	-0.002	-0.000123	164	34.1667	34.1648	27.4901	27.4901	0.0002	-0.000123	-0.0019	0.00E+00
166.737	-1.3047	-1.3061	2.739682	2.7394	1.84E-01	262.995	34.1666	-0.00028	-0.0015	96.5555	-68.25802	-75.15876	-0.069	0	-0.0015	34.1712	34.169	-0.0022	-0.000282	165	34.1712	34.169	27.4925	27.4925	-0.0015	-0.000282	-0.0022	0.00E+00
167.748	-1.2868	-1.2798	2.741406	2.741878	1.79E-01	261.117	34.1696	0.000455	0.007	96.5529	-68.25802	-75.15876	-0.0716	0	0.007	34.1739	34.1724	-0.0017	0.000471	166	34.1739	34.1724	27.494	27.494	0.007	0.000471	-0.0017	0.00E+00
168.759	-1.2441	-1.2408	2.74539	2.745621	1.75E-01	259.968	34.175	0.000228	0.0034	96.5607	-68.25802	-75.15876	-0.0779	0	0.0034	34.1792	34.1785	-0.0008	0.00023	167	34.1792	34.1785	27.4969	27.4969	0.0034	0.00023	-0.0008	0.00E+00
169.77	-1.2256	-1.2254	2.747321	2.747203	1.70E-01	258.975	34.1788	-0.000115	0.0002	96.5635	-68.25802	-75.15876	-0.0796	0	0.0002	34.1839	34.1821	-0.0018	-0.000118	168	34.1839	34.1821	27.5001	27.5001	0.0002	-0.000118	-0.0018	0.00E+00
170.781	-1.2217	-1.2219	2.747716	2.74755	1.66E-01	258.512	34.1797	-0.000161	-0.0002	96.5278	-68.25802	-75.15876	-0.0807	0	-0.0002	34.1843	34.1823	-0.002	-0.000166	169	34.1843	34.1823	27.5003	27.5003	-0.0002	-0.000166	-0.002	0.00E+00
171.792	-1.1812	-1.1833	2.751271	2.750946	1.61E-01	254.568	34.181	-0.000321	-0.0021	96.5625	-68.25802	-75.15876	-0.0788	0	-0.002	34.1862	34.1841	-0.002	-0.000325	170	34.1862	34.1841	27.5004	27.5004	-0.002	-0.000325	-0.002	0.00E+00
172.803	-1.0704	-1.0716	2.761535	2.761332	1.56E-01	251.898	34.1923	-0.000202	-0.0012	96.5554	-68.25802	-75.15876	-0.0755	0	-0.0013	34.1997	34.1984	-0.0014	-0.000203	171	34.1997	34.1984	27.5074	27.5074	-0.0013	-0.000203	-0.0014	0.00E+00
173.814	-1.0128	-1.0141	2.766808	2.766552	1.53E-01	249.533	34.1965	-0.000248	-0.0012	96.576	-68.25802	-75.15876	-0.0808	0	-0.0013	34.2055	34.2034	-0.002	-0.000255	172	34.2055	34.2035	27.5099	27.5099	-0.0013	-0.000255	-0.002	0.00E+00
174.825	-0.9396	-0.9419	2.773668	2.773354	1.49E-01	246.591	34.2055	-0.000309	-0.0023	96.5652	-68.25802	-75.15876	-0.0689	0	-0.0023	34.2151	34.2134	-0.0016	-0.000313	173	34.2151	34.2134	27.5149	27.5149	-0.0023	-0.000314	-0.0016	0.00E+00
175.836	-0.8483	-0.8488	2.782452	2.782279	1.44E-01	243.983	34.2194	-0.000173	-0.0005	96.5521	-68.25802	-75.15876	-0.0553	0	-0.0005	34.2301	34.2284	-0.0018	-0.000173	174	34.2302	34.2284	27.5236	27.5236	-0.0005	-0.000173	-0.0018	0.00E+00
176.847	-0.8181	-0.8184	2.785276	2.785171	1.41E-01	241.856	34.2247	-0.000107	-0.0003	96.5524	-68.25802	-75.15876	-0.0736	0	-0.0003	34.2336	34.2325	-0.0012	-0.000106	175	34.2336	34.2325	27.5251	27.5251	-0.0003	-0.000106	-0.0012	0.00E+00
177.858	-0.7557	-0.7566	2.790999	2.790832	1.38E-01	237.901	34.2301	-0.000166	-0.0009	96.5507	-68.25802	-75.15876	-0.0734	0	-0.0009	34.2398	34.2385	-0.0013	-0.000167	176	34.2398	34.2385	27.5276	27.5276	-0.0009	-0.000167	-0.0013	0.00E+00
178.869	-0.6492	-0.6512	2.800948	2.800623	1.35E-01	233.64	34.2404	-0.000321	-0.002	96.3042	-68.25802	-75.15876	-0.0736	0	-0.002	34.2529	34.2508	-0.002	-0.000326	177	34.2529	34.2509	27.5338	27.5338	-0.002	-0.000325	-0.002	0.00E+00
179.88	-0.501	-0.5024	2.814996	2.814811	1.31E-01	229.935	34.2595	-0.000185	-0.0014	96.4831	-68.25802	-75.15876	-0.0714	0	-0.0014	34.2739	34.273	-0.0009	-0.000185	178	34.2739	34.2731	27.5443	27.5443	-0.0014	-0.000185	-0.0009	0.00E+00
180.891	-0.3704	-0.3699	2.827693	2.827703	1.28E-01	227.741	34.282	0.000006	0.0005	96.5347	-68.25802	-75.15876	-0.0766	0	0.0005	34.2962	34.2957	-0.0005	0.00001	179	34.2962	34.2957	27.5563	27.5563	0.0005	0.00001	-0.0005	0.00E+00
181.902	-0.3097	-0.3057	2.833579	2.833893	1.24E-01	225.265	34.2946	0.000307	0.004	96.5428	-68.25802	-75.15876	-0.0691	0	0.004	34.3059	34.3056	-0.0004	0.000315	180	34.3059	34.3056	27.5613	27.5613	0.004	0.000315	-0.0004	0.00E+00
182.913	-0.2444	-0.2416	2.839873	2.840093	1.21E-01	224	34.3052	0.000215	0.0027	96.5363	-68.25802	-75.15876	-0.0744	0	0.0027	34.3158	34.3156	-0.0002	0.00022	181	34.3158	34.3156	27.5661	27.5661	0.0027	0.00022	-0.0002	0.00E+00
183.924	-0.2319	-0.2322	2.841253	2.84115	1.18E-01	223.684	34.3096	-0.0001	-0.0002	96.5317	-68.25802	-75.15876	-0.0689	0	-0.0002	34.3196	34.3185	-0.0011	-0.000103	182	34.3196	34.3185	27.5686	27.5686	-0.0002	-0.000103	-0.0011	0.00E+00
184.935	-0.2252	-0.2254	2.841934	2.841831	1.15E-01	223.524	34.3115	-0.0001	-0.0001	96.5472	-68.25802	-75.15876	-0.072	0	-0.0001	34.3205	34.3193	-0.0012	-0.000103	183	34.3205	34.3193	27.569	27.569	-0.0001	-0.000103	-0.0012	0.00E+00
185.946	-0.221	-0.2212	2.842356	2.842259	1.13E-01	223.191	34.3131	-0.000095	-0.0002	96.5307	-68.25802	-75.15876	-0.0712	0	-0.0002	34.3208	34.3197	-0.001	-0.000097	184	34.3208	34.3197	27.5691	27.5691	-0.0002	-0.000097	-0.001	0.00E+00
186.957	-0.2132	-0.2128	2.84314	2.843089	1.11E-01	222.933	34.3153	-0.00005	0.0003	96.5353	-68.25802	-75.15876	-0.0714	0	0.0003	34.3218	34.3207	-0.001	-0.000051	185	34.3218	34.3207	27.5695	27.5695	0.0003	-0.000051	-0.001	0.00E+00
187.968	-0.2077	-0.207	2.843778	2.84377	1.08E-01	221.662	34.3181	-0.000009	0.0007	96.5383	-68.25802	-75.15876	-0.0776	0	0.0007	34.3235	34.3226	-0.0009	-0.000009	186	34.3235	34.3226	27.5706	27.5706	0.0007	-0.000009	-0.0009	0.00E+00
188.979	-0.1875	-0.1859	2.845646	2.845745	1.05E-01	220.907	34.3202	0.000097	0.0016	96.5264	-68.25802	-75.15876	-0.0638	0	0.0016	34.3251	34.3246	-0.0005	0.0001	187	34.3251	34.3246	27.5709	27.5709	0.0016	0.0001	-0.0005	0.00E+00
189.99	-0.1716	-0.1706	2.847517	2.847507	1.02E-01	220.425	34.3263	-0.000011	0.001	96.5234	-68.25802	-75.15876	-0.0654	0	0.001	34.3314	34.3302	-0.0013	-0.00001	188	34.3314	34.3302	27.5752	27.5752	0.001	-0.00001	-0.0013	0.00E+00
191.001	-0.189	-0.1861	2.845976	2.846217	1.00E-01	218.542	34.3279	0.000237	0.0029	96.5265	-68.25802	-75.15876	-0.0673	0	0.0029	34.3299	34.3298	-0.0001	0.000241	189	34.3299	34.3298	27.5749	27.5749	0.0029	0.000241	-0.0001	0.00E+00
192.012	-0.1668	-0.1667	2.848349	2.848264	9.80E-02	216.646	34.3324	-0.000081	0.0001	96.5302	-68.25802	-75.15876	-0.0697	0	0.0001	34.3359	34.3347	-0.0012	-0.000084	190	34.3359	34.3347	27.5786	27.5786	0.0001	-0.000084	-0.0012	0.00E+00
193.023	-0.1407	-0.1403	2.850997	2.850919	9.76E-02	215.586	34.3369	-0.000074	0.0004	96.5361	-68.25802	-75.15876	-0.0787	0	0.0004	34.3412	34.3397	-0.0014	-0.000078	191	34.3412	34.3397	27.5816	27.5816	0.0004	-0.000078	-0.0014	0.00E+00
194.034	-0.1037	-0.1034	2.854839	2.854804	9.50E-02	214.796	34.3457	-0.000033	0.0003	96.5333	-68.25802	-75.15876	-0.0759	0	0.0003	34.3501	34.3492	-0.0008	-0.000035	192	34.3501	34.3492	27.5869	27.5869	0.0003	-0.000035	-0.0008	0.00E+00
195.045	-0.0837	-0.0833	2.857057	2.85698	9.25E-02	214.186	34.3517	-0.000075	0.0004	96.5222	-68.25802	-75.15876	-0.0747	0	0.0004	34.3564	34.355	-0.0014	-0.000077	193	34.3564	34.355	27.591	27.591	0.0004	-0.000077	-0.0014	0.00E+00
196.057	-0.0756	-0.0754	2.857874	2.857828	9.08E-02	213.843	34.3539	-0.000044	0.0001	96.5237	-68.25802	-75.15876	-0.074	0	0.0001	34.3575	34.3568	-0.0007	-0.000046	194	34.3575	34.3568	27.5915	27.5915	0.0001	-0.000046	-0.0007	0.00E+00
197.068	-0.058	-0.0581	2.85965	2.859586	8.87E-02	212.964	34.3572	-0.000063	-0.0001	96.529	-68.25802	-75.15876	-0.0761	0	-0.0001	34.3608	34.36	-0.0008	-0.000064	195	34.3608	34.36	27.5932	27.5932	-0.0001	-0.000064	-0.0008	0.00E+00
198.079	-0.03	-0.0299	2.862493	2.862429	8.73E-02	211.405	34.3625	-0.000062	0.0001	96.5281	-68.25802	-75.15876	-0.0767	0	0.0001	34.3665	34.3655	-0.001	-0.000063	196	34.3665	34.3655	27.5963	27.5963	0.0001	-0.000063	-0.001	0.00E+00
199.09	0.0077	0.0072	2.866304	2.866199	8.57E-02	210.416	34.3697	-0.000102	-0.0005	96.5107	-68.25802	-75.15876	-0.0747	0	-0.0005	34.374	34.3732	-0.0008	-0.000105	197	34.374	34.3732	27.6005	27.6005	-0.0005	-0.000105	-0.0008	0.00E+00
200.101	0.0234	0.0229	2.867993	2.867878	8.41E-02	210.011	34.3737	-0.000112	-0.0005	96.5295	-68.25802	-75.15876	-0.0703	0	-0.0005	34.3781	34.3772	-0.0009	-0.000115	198	34.3781	34.3772	27.603	27.603	-0.0005	-0.000115	-0.0009	0.00E+00
201.112	0.0459	0.046	2.870352	2.870297	8.26E-02	209.09	34.3793	-0.000055	0.0001	96.5275	-68.25802	-75.15876	-0.0714	0	0.0001	34.3836	34.3827	-0.0008	-0.000054	199	34.3836	34.3827	27.6062	27.6062	0.0001	-0.000055	-0.0008	0.00E+00
202.123	0.0599	0.06	2.871814	2.871747	8.04E-02	209.108	34.3825	-0.000067	0.0001	96.532	-68.25802	-75.15876	-0.0736	0	0.0001	34.3865	34.3855	-0.001	-0.000067	200	34.3865	34.3855	27.6078	27.6078	0.0001	-0.000067	-0.001	0.00E+00
203.134	0.0682	0.0684	2.872698	2.87264	7.90E-02	207.085	34.3846	-0.000058	0.0002	96.525	-68.25802	-75.15876	-0.0659	0	0.0002	34.3883	34.3873	-0.001	-0.000058	201	34.3883	34.3873	27.6088	27.6088	0.0002	-0.000058	-0.001	0.00E+00
204.145	0.099	0.0989	2.875638	2.875574	7.75E-02	206.831	34.388	-0.000062	-0.0001	96.4223	-68.25802	-75.15876	-0.0697	0	-0.0001	34.392	34.3912	-0.0007	-0.000064	202	34.392	34.3913	27.6102	27.6102	-0.0001	-0.000064	-0.0007	0.00E+00
205.156	0.1351	0.1397	2.879369	2.879787	7.51E-02	205.84	34.3971	0.000412	0.0047	96.5237	-68.25802	-75.15876	-0.0667	0	0.0046	34.4002	34.4006	0.0002	0.000418	203	34.4002	34.4006	27.6149	27.6149	0.0046	0.000418	0.0002	0.00E+00
206.168	0.1803	0.1811	2.884136	2.884135	7.49E-02	203.485	34.4071	-0.000002	0.0008	96.5291	-68.25802	-75.15876	-0.075	0	0.0008	34.4119	34.411	-0.0009	-0.000001	204	34.4119	34.411	27.6218	27.6218	0.0008	-0.000001	-0.0009	0.00E+00
207.179	0.2121	0.2135	2.887347	2.887397	7.39E-02	202.402	34.4126	0.000055	0.0015	96.4825	-68.25802	-75.15876	-0.0783	0	0.0014	34.4179	34.417	-0.0009	0.000051	205	34.4179	34.417	27.625	27.625	0.0014	0.00005	-0.0009	0.00E+00
208.19	0.2351	0.2363	2.889794	2.889796	7.22E-02	202.039	34.4179	0.000004	0.0011	96.5153	-68.25802	-75.15876	-0.0809	0	0.0012	34.4238	34.4225	-0.0012	0.000001	206	34.4238	34.4225	27.6284	27.6284	0.0012	0.000001	-0.0012	0.00E+00
209.201	0.2507	0.2495	2.891385	2.891165	7.09E-02	201.847	34.4209	-0.000214	-0.0012	96.5221	-68.25802	-75.15876	-0.0744	0	-0.0012	34.4266	34.4251	-0.0014	-0.000221	207	34.4266	34.4251	27.6298	27.6298	-0.0012	-0.000221	-0.0014	0.00E+00
210.212	0.2564	0.2558	2.892008	2.891825	7.04E-02	201.159	34.4232	-0.000179	-0.0006	96.5188	-68.25802	-75.15876	-0.0739	0	-0.0006	34.4278	34.4261	-0.0017	-0.000183	208	34.4278	34.4261	27.6305	27.6305	-0.0006	-0.000183	-0.0017	0.00E+00
211.223	0.2686	0.268	2.893265	2.893093	6.85E-02	200.607	34.4258	-0.00017	-0.0006	96.5252	-68.25802	-75.15876	-0.0744	0	-0.0006	34.4302	34.4286	-0.0016	-0.000172	209	34.4302	34.4286	27.6317	27.6317	-0.0006	-0.000172	-0.0016	0.00E+00
212.234	0.2877	0.289	2.895121	2.895113	6.75E-02	200.058	34.4279	-0.000013	0.0013	96.5261	-68.25802	-75.15876	-0.0756	0	0.0013	34.4325	34.431	-0.0016	-0.000008	210	34.4325	34.431	27.6325	27.6325	0.0013	-0.000008	-0.0016	0.00E+00
213.246	0.3295	0.3309	2.899433	2.899451	6.61E-02	199.796	34.4365	0.000016	0.0014	96.5279	-68.25802	-75.15876	-0.0753	0	0.0014	34.4418	34.4405	-0.0013	0.000018	211	34.4418	34.4405	27.6376	27.6376	0.0014	0.000019	-0.0013	0.00E+00
214.257	0.342	0.341	2.900724	2.900625	6.44E-02	199.959	34.4406	-0.000095	-0.0009	96.5235	-68.25802	-75.15876	-0.0696	0	-0.0009	34.4442	34.4439	-0.0002	-0.000099	212	34.4442	34.444	27.6389	27.6389	-0.0009	-0.000099	-0.0002	0.00E+00
215.268	0.3547	0.3565	2.901973	2.902208	6.38E-02	198.717	34.4442	0.000228	0.0018	96.517	-68.25802	-75.15876	-0.07	0	0.0019	34.4458	34.4468	0.001	0.000235	213	34.4458	34.4468	27.6394	27.6394	0.0019	0.000236	0.001	0.00E+00
216.279	0.3701	0.3704	2.903781	2.903731	6.31E-02	198.593	34.4481	-0.000049	0.0003	96.5194	-68.25802	-75.15876	-0.075	0	0.0003	34.4516	34.4506	-0.001	-0.000049	214	34.4516	34.4506	27.6433	27.6433	0.0003	-0.000049	-0.001	0.00E+00
217.29	0.3761	0.3765	2.904477	2.904415	6.24E-02	198.694	34.4498	-0.000061	0.0005	96.5244	-68.25802	-75.15876	-0.0725	0	0.0005	34.4535	34.4522	-0.0013	-0.000063	215	34.4535	34.4522	27.6444	27.6444	0.0005	-0.000063	-0.0013	0.00E+00
218.302	0.3787	0.3788	2.905115	2.90506	6.05E-02	198.831	34.4553	-0.000055	0.0001	96.5251	-68.25802	-75.15876	-0.07	0	0.0001	34.4583	34.4574	-0.0009	-0.000055	216	34.4583	34.4574	27.6482	27.6482	0.0001	-0.000055	-0.0009	0.00E+00
219.313	0.3772	0.3772	2.905118	2.905032	6.01E-02	198.689	34.4566	-0.000084	0.0001	96.5202	-68.25802	-75.15876	-0.0729	0	0.0001	34.4595	34.4583	-0.0012	-0.000085	217	34.4595	34.4583	27.6492	27.6492	0.0001	-0.000085	-0.0012	0.00E+00
220.324	0.3759	0.3765	2.904922	2.904935	5.98E-02	197.554	34.4562	0.000013	0.0006	96.5361	-68.25802	-75.15876	-0.08	0	0.0006	34.4578	34.4573	-0.0005	0.000013	218	34.4578	34.4573	27.6479	27.6479	0.0006	0.000013	-0.0005	0.00E+00
221.335	0.4078	0.4083	2.908096	2.908015	5.77E-02	195.776	34.4595	-0.000078	0.0006	96.5366	-68.25802	-75.15876	-0.0733	0	0.0006	34.4631	34.4614	-0.0017	-0.000081	219	34.4631	34.4614	27.6503	27.6503	0.0006	-0.000081	-0.0017	0.00E+00
222.346	0.4542	0.4542	2.91293	2.912812	5.76E-02	194.803	34.4692	-0.000119	0	96.535	-68.25802	-75.15876	-0.0751	0	0	34.4739	34.4724	-0.0015	-0.000118	220	34.4739	34.4724	27.6563	27.6563	0	-0.000118	-0.0015	0.00E+00
223.358	0.4681	0.4676	2.91434	2.91422	5.68E-02	194.412	34.4721	-0.000117	-0.0004	96.5315	-68.25802	-75.15876	-0.0706	0	-0.0004	34.4763	34.4752	-0.001	-0.000119	221	34.4763	34.4752	27.6574	27.6574	-0.0004	-0.000119	-0.001	0.00E+00
224.369	0.4785	0.4783	2.915406	2.915344	5.60E-02	193.782	34.4748	-0.000061	-0.0002	96.4425	-68.25802	-75.15876	-0.0722	0	-0.0002	34.4779	34.4774	-0.0005	-0.000062	222	34.4779	34.4774	27.6582	27.6582	-0.0002	-0.000062	-0.0005	0.00E+00
225.38	0.5061	0.5057	2.918104	2.91806	5.52E-02	192.132	34.479	-0.000041	-0.0004	96.5232	-68.25802	-75.15876	-0.0761	0	-0.0004	34.4818	34.4817	-0.0001	-0.000043	223	34.4818	34.4817	27.6597	27.6597	-0.0004	-0.000043	-0.0001	0.00E+00
226.391	0.5403	0.5405	2.921681	2.921631	5.44E-02	191.595	34.4857	-0.000052	0.0002	96.523	-68.25802	-75.15876	-0.0632	0	0.0002	34.4898	34.4888	-0.0009	-0.00005	224	34.4898	34.4888	27.664	27.664	0.0002	-0.00005	-0.0009	0.00E+00
227.402	0.5507	0.5511	2.922839	2.922805	5.40E-02	191.44	34.4889	-0.000034	0.0004	96.5216	-68.25802	-75.15876	-0.0652	0	0.0004	34.4926	34.4918	-0.0008	-0.000034	225	34.4926	34.4918	27.6657	27.6657	0.0004	-0.000034	-0.0009	0.00E+00
228.414	0.5543	0.5545	2.923241	2.923167	5.38E-02	191.099	34.4895	-0.000074	0.0002	96.5247	-68.25802	-75.15876	-0.0794	0	0.0002	34.4933	34.4921	-0.0012	-0.000074	226	34.4933	34.4921	27.666	27.666	0.0002	-0.000074	-0.0012	0.00E+00
229.425	0.5634	0.5639	2.924168	2.924123	5.21E-02	190.972	34.491	-0.000046	0.0005	96.5118	-68.25802	-75.15876	-0.0734	0	0.0005	34.4946	34.4935	-0.0011	-0.000046	227	34.4946	34.4935	27.6666	27.6666	0.0005	-0.000046	-0.0011	0.00E+00
230.436	0.569	0.5705	2.924753	2.92481	5.11E-02	191.126	34.4923	0.000053	0.0015	96.5053	-68.25802	-75.15876	-0.0663	0	0.0015	34.4954	34.4945	-0.0009	0.000057	228	34.4954	34.4945	27.6669	27.6669	0.0015	0.000057	-0.0009	0.00E+00
231.447	0.5691	0.5725	2.924785	2.925089	5.10E-02	190.639	34.4938	0.000299	0.0034	96.5024	-68.25802	-75.15876	-0.0689	0	0.0034	34.4951	34.4952	0.0001	0.000304	229	34.4951	34.4952	27.6666	27.6666	0.0034	0.000304	0.0001	0.00E+00
232.459	0.5826	0.5826	2.926239	2.926166	5.09E-02	190.107	34.4961	-0.00007	0.0001	96.4993	-68.25802	-75.15876	-0.0713	0	0.0001	34.4985	34.4974	-0.001	-0.000073	230	34.4985	34.4974	27.6685	27.6685	0.0001	-0.000073	-0.001	0.00E+00
233.47	0.5926	0.5927	2.92731	2.927215	4.96E-02	189.945	34.4978	-0.000093	0.0001	96.4987	-68.25802	-75.15876	-0.0607	0	0.0001	34.5006	34.4993	-0.0013	-0.000095	231	34.5006	34.4993	27.6696	27.6696	0.0001	-0.000095	-0.0013	0.00E+00
234.481	0.6016	0.6022	2.928262	2.928227	5.05E-02	189.164	34.4997	-0.000035	0.0007	96.4961	-68.25802	-75.15876	-0.0777	0	0.0007	34.5024	34.5012	-0.0012	-0.000036	232	34.5024	34.5012	27.6706	27.6706	0.0007	-0.000036	-0.0012	0.00E+00
235.492	0.6084	0.609	2.929044	2.928999	4.79E-02	188.988	34.5015	-0.000042	0.0007	96.4888	-68.25802	-75.15876	-0.0668	0	0.0007	34.5044	34.5031	-0.0013	-0.000045	233	34.5044	34.5031	27.6718	27.6718	0.0007	-0.000045	-0.0013	0.00E+00
236.504	0.6272	0.6283	2.93085	2.93086	4.77E-02	189.197	34.5032	0.00001	0.0011	96.4982	-68.25802	-75.15876	-0.0638	0	0.0011	34.5063	34.5052	-0.0011	0.00001	234	34.5063	34.5052	27.6722	27.6722	0.0011	0.00001	-0.0011	0.00E+00
237.515	0.6178	0.6222	2.929974	2.930282	4.75E-02	187.373	34.503	0.0003	0.0044	96.498	-68.25802	-75.15876	-0.0682	0	0.0044	34.5048	34.504	-0.001	0.000308	235	34.5048	34.504	27.6715	27.6715	0.0044	0.000308	-0.001	0.00E+00
238.526	0.6943	0.6944	2.937985	2.937902	4.70E-02	186.784	34.5189	-0.000081	0.0001	96.4986	-68.25802	-75.15876	-0.0746	0	0.0001	34.5233	34.522	-0.0012	-0.000083	236	34.5233	34.522	27.6817	27.6817	0.0001	-0.000083	-0.0012	0.00E+00
239.538	0.6968	0.6971	2.938359	2.938284	4.51E-02	186.648	34.5206	-0.00007	0.0003	96.4819	-68.25802	-75.15876	-0.0638	0	0.0003	34.5247	34.5234	-0.0012	-0.000075	237	34.5247	34.5234	27.6827	27.6827	0.0003	-0.000075	-0.0012	0.00E+00
240.549	0.7062	0.7063	2.939399	2.939287	4.64E-02	186.468	34.5228	-0.000109	0.0001	96.4803	-68.25802	-75.15876	-0.0701	0	0.0001	34.5271	34.5256	-0.0015	-0.000111	238	34.5271	34.5256	27.6841	27.6841	0.0001	-0.000111	-0.0015	0.00E+00
241.56	0.7128	0.7122	2.940098	2.93996	4.59E-02	186.38	34.5246	-0.000133	-0.0006	96.4824	-68.25802	-75.15876	-0.0744	0	-0.0006	34.5283	34.5272	-0.001	-0.000138	239	34.5283	34.5272	27.6845	27.6845	-0.0006	-0.000138	-0.001	0.00E+00
242.571	0.7063	0.7073	2.939423	2.939459	4.49E-02	185.847	34.5241	0.000033	0.001	96.4864	-68.25802	-75.15876	-0.074	0	0.001	34.5262	34.5255	-0.0007	0.000035	240	34.5262	34.5255	27.6833	27.6833	0.001	0.000035	-0.0007	0.00E+00
243.583	0.7393	0.7396	2.942836	2.94276	4.44E-02	184.817	34.5298	-0.000069	0.0003	96.4596	-68.25802	-75.15876	-0.0697	0	0.0003	34.5332	34.5319	-0.0013	-0.000077	241	34.5332	34.5319	27.6869	27.6869	0.0003	-0.000077	-0.0013	0.00E+00
244.594	0.76	0.7603	2.945145	2.945066	4.43E-02	184.596	34.5356	-0.000077	0.0003	96.4814	-68.25802	-75.15876	-0.0688	0	0.0003	34.5394	34.5381	-0.0013	-0.000079	242	34.5394	34.5381	27.6906	27.6906	0.0003	-0.000079	-0.0013	0.00E+00
245.605	0.7748	0.7757	2.946733	2.94669	4.43E-02	184.16	34.5387	-0.000042	0.0008	96.4782	-68.25802	-75.15876	-0.0729	0	0.0008	34.5429	34.5415	-0.0015	-0.000043	243	34.5429	34.5415	27.6925	27.6925	0.0008	-0.000043	-0.0015	0.00E+00
246.617	0.7891	0.7894	2.948277	2.948209	4.43E-02	184.181	34.5425	-0.000067	0.0003	96.4787	-68.25802	-75.15876	-0.0751	0	0.0003	34.5465	34.5453	-0.0012	-0.000069	244	34.5465	34.5453	27.6944	27.6944	0.0003	-0.000069	-0.0012	0.00E+00
247.628	0.8039	0.8014	2.949693	2.949476	4.40E-02	183.721	34.5453	-0.000209	-0.0025	96.4808	-68.25802	-75.15876	-0.0721	0	-0.0025	34.5478	34.5478	0.0001	-0.000217	245	34.5478	34.5478	27.6946	27.6946	-0.0025	-0.000217	0.0001	0.00E+00
248.639	0.8282	0.8265	2.952369	2.952222	4.30E-02	183.352	34.5524	-0.000145	-0.0017	96.4764	-68.25802	-75.15876	-0.0692	0	-0.0017	34.5548	34.5548	0	-0.000147	246	34.5548	34.5548	27.6987	27.6987	-0.0017	-0.000147	0	0.00E+00
249.651	0.8331	0.8332	2.953064	2.952999	4.35E-02	183.247	34.5547	-0.000067	0.0001	96.4835	-68.25802	-75.15876	-0.072	0	0.0001	34.5578	34.5568	-0.001	-0.000065	247	34.5578	34.5568	27.7007	27.7007	0.0001	-0.000065	-0.001	0.00E+00
250.662	0.8419	0.8416	2.953973	2.953855	4.25E-02	182.831	34.556	-0.000117	-0.0003	96.4862	-68.25802	-75.15876	-0.0697	0	-0.0003	34.5592	34.5579	-0.0012	-0.000117	248	34.5591	34.5579	27.7013	27.7013	-0.0003	-0.000117	-0.0012	0.00E+00
251.673	0.858	0.8573	2.955635	2.955533	4.20E-02	182.482	34.5596	-0.000103	-0.0007	96.4789	-68.25802	-75.15876	-0.0754	0	-0.0007	34.5621	34.5616	-0.0005	-0.000103	249	34.5621	34.5616	27.7026	27.7026	-0.0007	-0.000103	-0.0005	0.00E+00
252.685	0.8748	0.8749	2.957572	2.95749	4.11E-02	182.516	34.5646	-0.000083	0.0001	96.4811	-68.25802	-75.15876	-0.0683	0	0.0001	34.5679	34.5668	-0.0012	-0.000082	250	34.5679	34.5668	27.7062	27.7062	0.0001	-0.000082	-0.0012	0.00E+00
253.696	0.8778	0.8777	2.957894	2.957808	4.13E-02	182.416	34.5653	-0.000086	-0.0001	96.4843	-68.25802	-75.15876	-0.0728	0	-0.0001	34.5682	34.5672	-0.001	-0.000086	251	34.5682	34.5672	27.7063	27.7063	-0.0001	-0.000086	-0.001	0.00E+00
254.707	0.8745	0.8748	2.957669	2.957563	4.10E-02	182.103	34.5654	-0.000107	0.0003	96.4839	-68.25802	-75.15876	-0.0725	0	0.0003	34.5683	34.5667	-0.0017	-0.000106	252	34.5683	34.5667	27.7066	27.7066	0.0003	-0.000106	-0.0017	0.00E+00
255.719	0.9024	0.9015	2.96048	2.960299	4.02E-02	181.106	34.57	-0.00018	-0.0009	96.4882	-68.25802	-75.15876	-0.0435	0	-0.0009	34.573	34.5717	-0.0013	-0.000181	253	34.573	34.5717	27.7086	27.7086	-0.0009	-0.000181	-0.0013	0.00E+00
256.73	0.9235	0.9238	2.962825	2.962729	3.89E-02	181.072	34.5756	-0.000096	0.0003	96.4771	-68.25802	-75.15876	-0.0673	0	0.0003	34.5794	34.5778	-0.0016	-0.000096	254	34.5794	34.5778	27.7123	27.7123	0.0003	-0.000096	-0.0016	0.00E+00
257.742	0.9374	0.9377	2.964368	2.964291	3.92E-02	180.732	34.5796	-0.000078	0.0003	96.4785	-68.25802	-75.15876	-0.0668	0	0.0003	34.5832	34.5819	-0.0013	-0.000077	255	34.5832	34.5819	27.7145	27.7145	0.0003	-0.000077	-0.0013	0.00E+00
258.753	0.9468	0.9469	2.965403	2.965291	4.04E-02	180.758	34.5817	-0.000113	0.0001	96.4552	-68.25802	-75.15876	-0.0667	0	0	34.5855	34.584	-0.0015	-0.000112	256	34.5855	34.584	27.7157	27.7157	0	-0.000112	-0.0015	0.00E+00
259.764	0.9528	0.9535	2.966105	2.966081	3.95E-02	180.839	34.584	-0.000026	0.0007	96.4799	-68.25802	-75.15876	-0.0713	0	0.0007	34.5873	34.5862	-0.0011	-0.000024	257	34.5873	34.5862	27.7167	27.7167	0.0007	-0.000024	-0.0011	0.00E+00
260.776	0.9489	0.9519	2.965689	2.96593	3.82E-02	180.607	34.584	0.000235	0.003	96.4789	-68.25802	-75.15876	-0.0696	0	0.003	34.5857	34.5855	-0.0003	0.00024	258	34.5857	34.5855	27.7157	27.7157	0.003	0.00024	-0.0003	0.00E+00
261.787	0.9566	0.9647	2.966514	2.967305	3.91E-02	180.471	34.587	0.000771	0.0081	96.4809	-68.25802	-75.15876	-0.0751	0	0.0082	34.5873	34.5884	0.0009	0.000791	259	34.5873	34.5884	27.7165	27.7165	0.0082	0.000791	0.0009	0.00E+00
262.799	0.9731	0.9734	2.968319	2.968258	3.79E-02	180.206	34.5889	-0.000056	0.0004	96.4726	-68.25802	-75.15876	-0.0689	0	0.0004	34.5916	34.5904	-0.0012	-0.00006	260	34.5916	34.5904	27.7189	27.7189	0.0004	-0.00006	-0.0012	0.00E+00
263.81	0.9793	0.9795	2.969018	2.968945	3.81E-02	179.955	34.5905	-0.000069	0.0002	96.479	-68.25802	-75.15876	-0.0683	0	0.0002	34.5932	34.592	-0.0011	-0.000073	261	34.5932	34.592	27.7197	27.7197	0.0002	-0.000073	-0.0011	0.00E+00
264.821	0.9834	0.983	2.969455	2.969341	3.81E-02	180.015	34.5912	-0.000108	-0.0004	96.4805	-68.25802	-75.15876	-0.0718	0	-0.0004	34.5936	34.5926	-0.0009	-0.000114	262	34.5936	34.5926	27.7198	27.7198	-0.0004	-0.000114	-0.0009	0.00E+00
265.833	0.991	0.9902	2.970237	2.9701	3.79E-02	179.84	34.5926	-0.000132	-0.0008	96.4672	-68.25802	-75.15876	-0.0724	0	-0.0008	34.5947	34.5938	-0.0008	-0.000137	263	34.5947	34.5938	27.7202	27.7202	-0.0008	-0.000137	-0.0008	0.00E+00
266.844	1.0124	1.0119	2.97248	2.972347	3.78E-02	179.403	34.5965	-0.00013	-0.0005	96.4799	-68.25802	-75.15876	-0.0689	0	-0.0004	34.5993	34.598	-0.0012	-0.000133	264	34.5993	34.598	27.7224	27.7224	-0.0004	-0.000133	-0.0012	0.00E+00
267.856	1.0382	1.0352	2.975064	2.974784	3.78E-02	179.226	34.6012	-0.000272	-0.003	96.4741	-68.25802	-75.15876	-0.0727	0	-0.003	34.6033	34.603	-0.0001	-0.00028	265	34.6033	34.603	27.724	27.724	-0.003	-0.00028	-0.0001	0.00E+00
268.867	1.0636	1.0633	2.977848	2.977741	3.77E-02	178.968	34.607	-0.000107	-0.0003	96.4898	-68.25802	-75.15876	-0.0578	0	-0.0003	34.6103	34.6093	-0.0011	-0.000107	266	34.6103	34.6093	27.7279	27.7279	-0.0003	-0.000107	-0.0011	0.00E+00
269.879	1.0855	1.0848	2.980206	2.980027	3.73E-02	178.722	34.6117	-0.000177	-0.0007	96.4831	-68.25802	-75.15876	-0.0649	0	-0.0007	34.6158	34.6143	-0.0015	-0.000179	267	34.6158	34.6143	27.7309	27.7309	-0.0007	-0.000179	-0.0015	0.00E+00
270.89	1.098	1.098	2.981576	2.981452	3.70E-02	178.677	34.6147	-0.000126	0	96.4705	-68.25802	-75.15876	-0.0689	0	0	34.6189	34.6173	-0.0016	-0.000124	268	34.6189	34.6173	27.7325	27.7325	0	-0.000124	-0.0016	0.00E+00
271.901	1.1164	1.1167	2.983529	2.983442	3.64E-02	178.434	34.6188	-0.00009	0.0003	96.4006	-68.25802	-75.15876	-0.0746	0	0.0003	34.623	34.6216	-0.0015	-0.000087	269	34.623	34.6216	27.7346	27.7346	0.0003	-0.000087	-0.0015	0.00E+00
272.913	1.1205	1.1204	2.983976	2.983904	3.64E-02	178.545	34.6204	-0.000073	-0.0001	96.4795	-68.25802	-75.15876	-0.0709	0	-0.0001	34.6236	34.6228	-0.0008	-0.000072	270	34.6236	34.6228	27.7348	27.7348	-0.0001	-0.000072	-0.0008	0.00E+00
273.924	1.1252	1.1249	2.984485	2.984384	3.64E-02	178.38	34.6215	-0.000101	-0.0003	96.4973	-68.25802	-75.15876	-0.0705	0	-0.0003	34.6244	34.6234	-0.0009	-0.000101	271	34.6244	34.6234	27.7351	27.7351	-0.0003	-0.000101	-0.0009	0.00E+00
274.936	1.1296	1.1285	2.984958	2.984773	3.64E-02	178.343	34.6224	-0.000182	-0.0012	96.5051	-68.25802	-75.15876	-0.0716	0	-0.0012	34.625	34.6239	-0.001	-0.000185	272	34.625	34.6239	27.7352	27.7352	-0.0012	-0.000185	-0.001	0.00E+00
275.947	1.1367	1.137	2.985756	2.98572	3.67E-02	177.941	34.6247	-0.000039	0.0004	96.5044	-68.25802	-75.15876	-0.0695	0	0.0004	34.6268	34.6259	-0.0009	-0.000036	273	34.6268	34.6259	27.7362	27.7362	0.0004	-0.000036	-0.0009	0.00E+00
276.959	1.1432	1.1434	2.986555	2.986473	3.65E-02	177.956	34.6268	-0.000083	0.0002	96.5161	-68.25802	-75.15876	-0.0734	0	0.0002	34.6292	34.628	-0.0013	-0.000082	274	34.6292	34.628	27.7377	27.7377	0.0002	-0.000082	-0.0013	0.00E+00
277.97	1.147	1.1473	2.986994	2.986919	3.58E-02	177.823	34.6277	-0.000077	0.0002	96.5103	-68.25802	-75.15876	-0.0752	0	0.0002	34.63	34.6288	-0.0013	-0.000075	275	34.63	34.6288	27.7381	27.7381	0.0002	-0.000075	-0.0013	0.00E+00
278.982	1.1621	1.1632	2.988561	2.988551	3.58E-02	177.75	34.63	-0.000012	0.0011	96.5014	-68.25802	-75.15876	-0.0757	0	0.0011	34.6329	34.6315	-0.0014	-0.00001	276	34.6329	34.6315	27.7394	27.7394	0.0011	-0.00001	-0.0014	0.00E+00
279.993	1.175	1.1756	2.99	2.989958	3.46E-02	177.744	34.6336	-0.000043	0.0006	96.4988	-68.25802	-75.15876	-0.0697	0	0.0006	34.6364	34.6352	-0.0012	-0.000042	277	34.6364	34.6352	27.7413	27.7413	0.0006	-0.000042	-0.0012	0.00E+00
281.005	1.1795	1.1792	2.990465	2.990364	3.49E-02	177.614	34.6344	-0.0001	-0.0003	96.4992	-68.25802	-75.15876	-0.0711	0	-0.0003	34.6368	34.6358	-0.0009	-0.000101	278	34.6368	34.6358	27.7413	27.7413	-0.0003	-0.000101	-0.0009	0.00E+00
282.016	1.1895	1.1877	2.991434	2.991242	3.50E-02	177.497	34.6359	-0.000188	-0.0018	96.5028	-68.25802	-75.15876	-0.0757	0	-0.0018	34.6376	34.6372	-0.0004	-0.000192	279	34.6376	34.6372	27.7413	27.7413	-0.0018	-0.000192	-0.0004	0.00E+00
283.028	1.1948	1.1951	2.99219	2.992131	3.47E-02	177.318	34.6386	-0.000062	0.0003	96.4951	-68.25802	-75.15876	-0.0739	0	0.0003	34.6408	34.6397	-0.0012	-0.000059	280	34.6408	34.6397	27.7435	27.7435	0.0003	-0.000059	-0.0012	0.00E+00
284.039	1.1995	1.1996	2.992781	2.992697	3.48E-02	177.245	34.6403	-0.000085	0.0001	96.5093	-68.25802	-75.15876	-0.0711	0	0.0001	34.6425	34.6414	-0.0012	-0.000084	281	34.6425	34.6414	27.7446	27.7446	0.0001	-0.000084	-0.0012	0.00E+00
285.051	1.2104	1.2099	2.993896	2.993779	3.47E-02	177.19	34.6421	-0.000117	-0.0005	96.5054	-68.25802	-75.15876	-0.0647	0	-0.0005	34.6442	34.6433	-0.0009	-0.000117	282	34.6442	34.6433	27.7452	27.7452	-0.0005	-0.000118	-0.0009	0.00E+00
286.062	1.2226	1.2224	2.995245	2.995158	3.44E-02	177.156	34.6452	-0.000088	-0.0002	96.5082	-68.25802	-75.15876	-0.0667	0	-0.0002	34.6474	34.6465	-0.0009	-0.000087	283	34.6474	34.6465	27.7469	27.7469	-0.0002	-0.000087	-0.0009	0.00E+00
287.074	1.2287	1.2287	2.995944	2.995864	3.46E-02	177.201	34.6467	-0.000081	0	96.5063	-68.25802	-75.15876	-0.067	0	0	34.649	34.648	-0.001	-0.00008	284	34.649	34.648	27.7477	27.7477	0	-0.00008	-0.001	0.00E+00
288.085	1.2319	1.2313	2.996265	2.996137	3.45E-02	177.129	34.647	-0.000126	-0.0006	96.5044	-68.25802	-75.15876	-0.0683	0	-0.0006	34.649	34.648	-0.001	-0.000128	285	34.649	34.6481	27.7476	27.7476	-0.0006	-0.000128	-0.001	0.00E+00
289.097	1.2427	1.2366	2.997349	2.996564	3.43E-02	177.083	34.6461	-0.000771	-0.0061	96.4992	-68.25802	-75.15876	-0.0684	0	-0.0061	34.6503	34.647	-0.0031	-0.000785	286	34.6503	34.647	27.7478	27.7478	-0.0061	-0.000785	-0.0031	0.00E+00
290.108	1.2763	1.2751	3.000703	3.000537	3.44E-02	177.239	34.6528	-0.00017	-0.0011	96.5125	-68.25802	-75.15876	-0.0679	0	-0.0011	34.6555	34.6546	-0.0009	-0.000166	287	34.6555	34.6546	27.7497	27.7497	-0.0011	-0.000166	-0.0009	0.00E+00
291.12	1.2881	1.2881	3.002106	3.002011	3.44E-02	177.045	34.6566	-0.000101	0	96.5119	-68.25802	-75.15876	-0.0705	0	0	34.6598	34.6585	-0.0013	-0.000096	288	34.6598	34.6585	27.7523	27.7523	0	-0.000096	-0.0013	0.00E+00
292.131	1.2983	1.2984	3.003143	3.003052	3.42E-02	177.08	34.6578	-0.000096	0.0002	96.5239	-68.25802	-75.15876	-0.0741	0	0.0002	34.6612	34.6598	-0.0014	-0.00009	289	34.6612	34.6598	27.7527	27.7527	0.0002	-0.00009	-0.0014	0.00E+00
293.143	1.32	1.3198	3.00531	3.005201	3.44E-02	176.907	34.6607	-0.000113	-0.0002	96.5265	-68.25802	-75.15876	-0.0702	0	-0.0002	34.6643	34.663	-0.0013	-0.000109	290	34.6643	34.663	27.7537	27.7537	-0.0002	-0.000109	-0.0013	0.00E+00
294.155	1.3243	1.3251	3.005944	3.005916	3.32E-02	177.036	34.6638	-0.000034	0.0008	96.5268	-68.25802	-75.15876	-0.0724	0	0.0008	34.667	34.6658	-0.0013	-0.000028	291	34.667	34.6658	27.7556	27.7556	0.0008	-0.000028	-0.0013	0.00E+00
295.166	1.3291	1.3286	3.006429	3.006321	3.33E-02	176.863	34.6648	-0.000109	-0.0004	96.546	-68.25802	-75.15876	-0.0713	0	-0.0004	34.6673	34.6664	-0.0009	-0.000108	292	34.6673	34.6664	27.7555	27.7555	-0.0004	-0.000108	-0.0009	0.00E+00
296.178	1.3381	1.3368	3.00734	3.007161	3.33E-02	176.917	34.6662	-0.000178	-0.0013	96.5369	-68.25802	-75.15876	-0.0737	0	-0.0013	34.6684	34.6676	-0.0008	-0.000178	293	34.6684	34.6676	27.7557	27.7557	-0.0013	-0.000178	-0.0008	0.00E+00
297.189	1.3472	1.3466	3.008387	3.008232	3.27E-02	177.099	34.6685	-0.000154	-0.0006	96.5443	-68.25802	-75.15876	-0.0693	0	-0.0006	34.6711	34.6698	-0.0013	-0.000155	294	34.6711	34.6698	27.7572	27.7572	-0.0006	-0.000155	-0.0013	0.00E+00
298.201	1.3533	1.3531	3.009117	3.008979	3.28E-02	176.994	34.6703	-0.000139	-0.0003	96.5465	-68.25802	-75.15876	-0.0751	0	-0.0003	34.6731	34.6716	-0.0015	-0.000138	295	34.6731	34.6716	27.7584	27.7584	-0.0003	-0.000138	-0.0015	0.00E+00
299.212	1.3568	1.3566	3.009526	3.009427	3.28E-02	177.054	34.6716	-0.000101	-0.0001	96.5492	-68.25802	-75.15876	-0.0754	0	-0.0001	34.6739	34.6728	-0.0011	-0.000098	296	34.6739	34.6728	27.7588	27.7588	-0.0001	-0.000098	-0.0011	0.00E+00
300.224	1.3573	1.3574	3.009604	3.009549	3.28E-02	176.991	34.672	-0.000056	0.0001	96.551	-68.25802	-75.15876	-0.0736	0	0.0001	34.6737	34.6729	-0.0008	-0.000055	297	34.6737	34.6729	27.7586	27.7586	0.0001	-0.000055	-0.0008	0.00E+00
301.236	1.3596	1.3591	3.009887	3.009754	3.25E-02	177.112	34.6723	-0.000132	-0.0005	96.548	-68.25802	-75.15876	-0.0724	0	-0.0005	34.6742	34.6731	-0.0011	-0.000133	298	34.6742	34.6731	27.7588	27.7588	-0.0005	-0.000133	-0.0011	0.00E+00
302.247	1.3647	1.3644	3.010492	3.010388	3.32E-02	177.119	34.6739	-0.000105	-0.0003	96.4363	-68.25802	-75.15876	-0.074	0	-0.0003	34.6757	34.6747	-0.001	-0.000104	299	34.6757	34.6747	27.7596	27.7596	-0.0003	-0.000103	-0.001	0.00E+00
303.259	1.3702	1.3701	3.01114	3.011051	3.22E-02	176.958	34.6756	-0.00009	-0.0002	96.5388	-68.25802	-75.15876	-0.0751	0	-0.0002	34.6773	34.6763	-0.0009	-0.000089	300	34.6773	34.6763	27.7605	27.7605	-0.0002	-0.000089	-0.0009	0.00E+00
304.27	1.3715	1.3714	3.011374	3.011272	3.22E-02	176.951	34.6765	-0.000102	-0.0001	96.5432	-68.25802	-75.15876	-0.0732	0	-0.0001	34.6783	34.6771	-0.0012	-0.000102	301	34.6783	34.6771	27.7613	27.7613	-0.0001	-0.000102	-0.0012	0.00E+00
305.282	1.3726	1.3727	3.011539	3.011465	3.25E-02	177.102	34.677	-0.000075	0.0001	96.5533	-68.25802	-75.15876	-0.0709	0	0.0001	34.6786	34.6775	-0.0011	-0.000074	302	34.6786	34.6775	27.7614	27.7614	0.0001	-0.000074	-0.0011	0.00E+00
306.294	1.3736	1.3735	3.011662	3.011576	3.21E-02	177.16	34.677	-0.000087	0	96.5523	-68.25802	-75.15876	-0.074	0	0	34.6785	34.6774	-0.0011	-0.000086	303	34.6785	34.6774	27.7613	27.7613	0	-0.000086	-0.0011	0.00E+00
307.305	1.3835	1.3828	3.012722	3.012578	3.22E-02	177.15	34.6787	-0.000143	-0.0006	96.5462	-68.25802	-75.15876	-0.0731	0	-0.0006	34.6805	34.6793	-0.0011	-0.000144	304	34.6805	34.6793	27.7622	27.7622	-0.0006	-0.000144	-0.0011	0.00E+00
308.317	1.3917	1.3914	3.013679	3.013569	3.24E-02	177.19	34.6811	-0.00011	-0.0003	96.5504	-68.25802	-75.15876	-0.0748	0	-0.0003	34.6829	34.6819	-0.0011	-0.00011	305	34.6829	34.6819	27.7635	27.7635	-0.0003	-0.00011	-0.0011	0.00E+00
309.328	1.3947	1.3944	3.014056	3.013945	3.24E-02	177.391	34.6821	-0.000111	-0.0003	96.539	-68.25802	-75.15876	-0.0758	0	-0.0003	34.6838	34.6828	-0.0011	-0.000111	306	34.6838	34.6828	27.7641	27.7641	-0.0003	-0.000111	-0.0011	0.00E+00
310.34	1.3986	1.3986	3.014568	3.014485	3.19E-02	177.198	34.6838	-0.000084	0	96.5501	-68.25802	-75.15876	-0.0718	0	0	34.6855	34.6844	-0.001	-0.000083	307	34.6855	34.6844	27.7651	27.7651	0	-0.000083	-0.001	0.00E+00
311.352	1.4	1.4	3.014782	3.014703	3.19E-02	177.325	34.6846	-0.00008	0	96.5506	-68.25802	-75.15876	-0.0757	0	0	34.6861	34.6851	-0.001	-0.000079	308	34.6861	34.6851	27.7655	27.7655	0	-0.000079	-0.001	0.00E+00
312.363	1.4004	1.4005	3.014912	3.014819	3.15E-02	177.319	34.685	-0.000093	0.0001	96.5504	-68.25802	-75.15876	-0.0757	0	0.0001	34.6867	34.6854	-0.0013	-0.000093	309	34.6867	34.6854	27.766	27.766	0.0001	-0.000093	-0.0013	0.00E+00
313.375	1.4007	1.4008	3.014992	3.014911	3.16E-02	177.231	34.6854	-0.00008	0.0001	96.5389	-68.25802	-75.15876	-0.0766	0	0.0002	34.6869	34.6857	-0.0012	-0.00008	310	34.6869	34.6857	27.7661	27.7661	0.0002	-0.00008	-0.0012	0.00E+00
314.387	1.4012	1.4013	3.015156	3.015063	3.15E-02	177.523	34.6862	-0.000093	0.0001	96.5517	-68.25802	-75.15876	-0.0729	0	0.0001	34.6878	34.6865	-0.0013	-0.000093	311	34.6878	34.6865	27.7668	27.7668	0.0001	-0.000093	-0.0013	0.00E+00
315.398	1.4022	1.4023	3.015346	3.015266	3.18E-02	177.494	34.6871	-0.000082	0.0002	96.5561	-68.25802	-75.15876	-0.0728	0	0.0002	34.6886	34.6874	-0.0012	-0.000079	312	34.6886	34.6874	27.7673	27.7673	0.0002	-0.000079	-0.0012	0.00E+00
316.41	1.4037	1.4037	3.015587	3.0155	3.12E-02	177.447	34.6879	-0.000088	0.0001	96.5149	-68.25802	-75.15876	-0.0721	0	0.0001	34.6894	34.6882	-0.0012	-0.000087	313	34.6894	34.6882	27.7679	27.7679	0.0001	-0.000087	-0.0012	0.00E+00
317.422	1.4005	1.4004	3.01536	3.015273	3.14E-02	177.545	34.6883	-0.000086	-0.0001	96.547	-68.25802	-75.15876	-0.0745	0	-0.0001	34.6895	34.6885	-0.001	-0.000087	314	34.6895	34.6885	27.7682	27.7682	-0.0001	-0.000087	-0.001	0.00E+00
318.433	1.3967	1.3954	3.015064	3.014874	3.15E-02	177.565	34.6883	-0.000187	-0.0013	96.5227	-68.25802	-75.15876	-0.0759	0	-0.0013	34.6892	34.6882	-0.0009	-0.00019	315	34.6892	34.6882	27.7682	27.7682	-0.0013	-0.00019	-0.0009	0.00E+00
319.445	1.3839	1.3786	3.014022	3.013462	3.13E-02	177.612	34.6889	-0.000546	-0.0053	96.4931	-68.25802	-75.15876	-0.0744	0	-0.0053	34.6895	34.6882	-0.0011	-0.00056	316	34.6895	34.6882	27.7694	27.7694	-0.0053	-0.00056	-0.0011	0.00E+00
320.457	1.3758	1.3754	3.013393	3.013246	3.13E-02	177.747	34.6891	-0.000148	-0.0005	96.534	-68.25802	-75.15876	-0.0673	0	-0.0005	34.6898	34.6885	-0.0013	-0.000147	317	34.6898	34.6885	27.7702	27.7702	-0.0005	-0.000147	-0.0013	0.00E+00
321.468	1.3878	1.3866	3.014569	3.014396	3.15E-02	178.104	34.6902	-0.000171	-0.0011	96.5224	-68.25802	-75.15876	-0.0691	0	-0.0012	34.691	34.6901	-0.0009	-0.000173	318	34.691	34.6901	27.7703	27.7703	-0.0012	-0.000173	-0.0009	0.00E+00
322.48	1.4041	1.4037	3.01625	3.016101	3.15E-02	178.22	34.692	-0.000149	-0.0004	96.496	-68.25802	-75.15876	-0.0698	0	-0.0004	34.6939	34.6924	-0.0015	-0.000149	319	34.6939	34.6924	27.7714	27.7714	-0.0004	-0.000149	-0.0015	0.00E+00
323.492	1.4147	1.4143	3.017412	3.017267	3.16E-02	178.741	34.6943	-0.000146	-0.0004	96.4934	-68.25802	-75.15876	-0.0723	0	-0.0004	34.6964	34.695	-0.0014	-0.000145	320	34.6964	34.695	27.7727	27.7727	-0.0004	-0.000145	-0.0014	0.00E+00
324.504	1.4299	1.4291	3.018945	3.018765	3.12E-02	178.691	34.6961	-0.000179	-0.0008	96.488	-68.25802	-75.15876	-0.0708	0	-0.0008	34.6985	34.6971	-0.0014	-0.00018	321	34.6985	34.6971	27.7733	27.7733	-0.0008	-0.00018	-0.0014	0.00E+00
325.515	1.444	1.4439	3.020449	3.02036	3.14E-02	178.887	34.6993	-0.000091	-0.0001	96.4947	-68.25802	-75.15876	-0.0723	0	-0.0001	34.7015	34.7005	-0.0011	-0.00009	322	34.7015	34.7005	27.7747	27.7747	-0.0001	-0.00009	-0.0011	0.00E+00
326.527	1.4425	1.4429	3.02046	3.020401	3.15E-02	178.867	34.7006	-0.000061	0.0004	96.4963	-68.25802	-75.15876	-0.075	0	0.0005	34.7027	34.7015	-0.0013	-0.000059	323	34.7027	34.7015	27.7758	27.7758	0.0005	-0.000059	-0.0013	0.00E+00
327.539	1.4412	1.4416	3.020385	3.020331	3.12E-02	178.719	34.7009	-0.000055	0.0004	96.4846	-68.25802	-75.15876	-0.0726	0	0.0004	34.7026	34.7015	-0.0011	-0.000053	324	34.7026	34.7015	27.7758	27.7758	0.0004	-0.000053	-0.0011	0.00E+00
328.55	1.4369	1.4369	3.020011	3.019888	3.14E-02	178.614	34.7001	-0.000124	0	96.495	-68.25802	-75.15876	-0.0765	0	0	34.702	34.7005	-0.0016	-0.000123	325	34.702	34.7004	27.7756	27.7756	0	-0.000123	-0.0015	0.00E+00
329.562	1.4361	1.4358	3.020007	3.019878	3.12E-02	179.143	34.7007	-0.000128	-0.0003	96.4805	-68.25802	-75.15876	-0.0763	0	-0.0003	34.7022	34.7009	-0.0013	-0.00013	326	34.7022	34.7009	27.7758	27.7758	-0.0003	-0.00013	-0.0013	0.00E+00
330.574	1.4318	1.4317	3.019703	3.019598	3.13E-02	179.428	34.7013	-0.000105	-0.0001	96.4779	-68.25802	-75.15876	-0.075	0	-0.0001	34.7025	34.7013	-0.0012	-0.000105	327	34.7025	34.7014	27.7764	27.7764	-0.0001	-0.000105	-0.0012	0.00E+00
331.586	1.4384	1.4389	3.020515	3.020432	3.12E-02	179.416	34.7031	-0.000087	0.0005	96.4689	-68.25802	-75.15876	-0.077	0	0.0005	34.705	34.7034	-0.0017	-0.000083	328	34.705	34.7034	27.778	27.778	0.0005	-0.000083	-0.0017	0.00E+00
332.597	1.4505	1.4504	3.021811	3.021672	3.13E-02	179.257	34.7053	-0.000137	-0.0001	96.4727	-68.25802	-75.15876	-0.0745	0	-0.0001	34.7075	34.7059	-0.0016	-0.000139	329	34.7075	34.7059	27.7791	27.7791	-0.0001	-0.000139	-0.0016	0.00E+00
333.609	1.4465	1.4497	3.021436	3.021651	3.09E-02	179.917	34.7054	0.000202	0.0032	96.4616	-68.25802	-75.15876	-0.0732	0	0.0032	34.7066	34.7058	-0.0009	0.000215	330	34.7066	34.7058	27.7787	27.7787	0.0032	0.000215	-0.0009	0.00E+00
334.621	1.4723	1.475	3.024033	3.024266	3.12E-02	180.734	34.7095	0.000228	0.0027	96.4685	-68.25802	-75.15876	-0.0747	0	0.0027	34.7106	34.7106	-0.0001	0.000233	331	34.7106	34.7106	27.78	27.78	0.0027	0.000233	-0.0001	0.00E+00
335.633	1.4852	1.4852	3.025542	3.025423	3.07E-02	180.806	34.7122	-0.000116	0	96.4691	-68.25802	-75.15876	-0.0724	0	0	34.7149	34.7134	-0.0015	-0.000119	332	34.7149	34.7134	27.7825	27.7825	0	-0.000119	-0.0014	0.00E+00
336.644	1.4874	1.4878	3.025806	3.025728	3.13E-02	180.902	34.7128	-0.000078	0.0004	96.4809	-68.25802	-75.15876	-0.0748	0	0.0004	34.7153	34.7139	-0.0014	-0.000078	333	34.7153	34.7139	27.7827	27.7827	0.0004	-0.000078	-0.0014	0.00E+00
337.656	1.4914	1.4915	3.026273	3.026165	3.11E-02	181.094	34.7138	-0.000108	0.0001	96.4833	-68.25802	-75.15876	-0.0761	0	0.0001	34.7163	34.7148	-0.0015	-0.000108	334	34.7163	34.7148	27.7831	27.7831	0.0001	-0.000108	-0.0015	0.00E+00
338.668	1.4944	1.4943	3.026655	3.026492	3.10E-02	181.14	34.7144	-0.000161	-0.0001	96.4972	-68.25802	-75.15876	-0.073	0	-0.0001	34.7172	34.7153	-0.0019	-0.000163	335	34.7172	34.7153	27.7836	27.7836	-0.0001	-0.000163	-0.0019	0.00E+00
339.68	1.4969	1.4962	3.026933	3.026774	3.08E-02	181.378	34.7155	-0.000157	-0.0006	96.5058	-68.25802	-75.15876	-0.0705	0	-0.0006	34.7174	34.7161	-0.0013	-0.000159	336	34.7174	34.7161	27.7837	27.7837	-0.0006	-0.000159	-0.0013	0.00E+00
340.691	1.4982	1.4983	3.027181	3.02708	3.09E-02	181.352	34.7166	-0.0001	0.0001	96.5254	-68.25802	-75.15876	-0.0681	0	0.0001	34.7186	34.7172	-0.0014	-0.000101	337	34.7186	34.7172	27.7845	27.7845	0.0001	-0.000101	-0.0014	0.00E+00
341.703	1.4982	1.4982	3.027237	3.027145	3.06E-02	181.517	34.717	-0.000093	0	96.5049	-68.25802	-75.15876	-0.0734	0	0	34.7186	34.7175	-0.0012	-0.000092	338	34.7186	34.7175	27.7845	27.7845	0	-0.000092	-0.0012	0.00E+00
342.715	1.4995	1.4994	3.027417	3.027313	3.06E-02	181.663	34.7173	-0.000103	-0.0001	96.5247	-68.25802	-75.15876	-0.075	0	-0.0001	34.7189	34.7177	-0.0012	-0.000103	339	34.7189	34.7177	27.7847	27.7847	-0.0001	-0.000103	-0.0012	0.00E+00
343.727	1.4995	1.4995	3.027441	3.027352	3.06E-02	181.419	34.7171	-0.000089	0	96.5263	-68.25802	-75.15876	-0.0753	0	0	34.7187	34.7175	-0.0012	-0.000088	340	34.7187	34.7175	27.7844	27.7844	0	-0.000088	-0.0012	0.00E+00
344.739	1.4992	1.4995	3.027465	3.027396	3.11E-02	181.419	34.7173	-0.000068	0.0003	96.5229	-68.25802	-75.15876	-0.0749	0	0.0003	34.7187	34.7175	-0.0011	-0.000069	341	34.7187	34.7175	27.7845	27.7845	0.0003	-0.000069	-0.0011	0.00E+00
345.75	1.4996	1.4997	3.027574	3.027475	3.06E-02	181.458	34.7175	-0.000099	0	96.5312	-68.25802	-75.15876	-0.0674	0	0.0001	34.719	34.7177	-0.0013	-0.000099	342	34.719	34.7177	27.7847	27.7847	0.0001	-0.000098	-0.0013	0.00E+00
346.762	1.4998	1.4999	3.02763	3.027542	3.12E-02	181.488	34.7175	-0.000088	0.0001	96.5181	-68.25802	-75.15876	-0.0748	0	0.0001	34.719	34.7177	-0.0013	-0.000088	343	34.719	34.7177	27.7847	27.7847	0.0001	-0.000088	-0.0013	0.00E+00
347.774	1.5003	1.5003	3.027695	3.027599	3.09E-02	181.451	34.7173	-0.000095	3.53E-07	96.5277	-68.25802	-75.15876	-0.0719	0	0	34.7187	34.7175	-0.0012	-0.000096	344	34.7187	34.7175	27.7844	27.7844	0	-0.000096	-0.0012	0.00E+00
348.786	1.5014	1.5016	3.027868	3.027787	3.01E-02	181.582	34.7177	-0.000081	0.0002	96.4971	-68.25802	-75.15876	-0.0714	0	0.0002	34.7191	34.7178	-0.0013	-0.000081	345	34.7191	34.7178	27.7847	27.7847	0.0002	-0.000081	-0.0013	0.00E+00
349.798	1.5015	1.5018	3.027957	3.027868	3.10E-02	181.65	34.7179	-0.00009	0.0003	96.531	-68.25802	-75.15876	-0.0753	0	0.0003	34.7195	34.718	-0.0014	-0.000089	346	34.7195	34.718	27.7849	27.7849	0.0003	-0.000089	-0.0014	0.00E+00
350.81	1.5019	1.5022	3.028039	3.027951	3.06E-02	181.623	34.718	-0.000088	0.0003	96.5287	-68.25802	-75.15876	-0.0676	0	0.0003	34.7195	34.7181	-0.0014	-0.000088	347	34.7195	34.7181	27.7849	27.7849	0.0003	-0.000088	-0.0014	0.00E+00
351.821	1.5027	1.5027	3.028142	3.028033	3.01E-02	181.522	34.7179	-0.000108	0	96.536	-68.25802	-75.15876	-0.0676	0	0	34.7193	34.718	-0.0014	-0.000109	348	34.7193	34.718	27.7848	27.7848	0	-0.000109	-0.0014	0.00E+00
352.833	1.5029	1.503	3.028217	3.028113	3.00E-02	181.564	34.7181	-0.000103	0.0001	96.5238	-68.25802	-75.15876	-0.069	0	0.0001	34.7195	34.7181	-0.0014	-0.000104	349	34.7195	34.7181	27.7849	27.7849	0.0001	-0.000104	-0.0014	0.00E+00
353.845	1.5031	1.503	3.028283	3.028157	3.07E-02	181.714	34.718	-0.000126	-0.0001	96.5251	-68.25802	-75.15876	-0.0741	0	-0.0001	34.7195	34.718	-0.0015	-0.000126	350	34.7195	34.718	27.7849	27.7849	-0.0001	-0.000126	-0.0015	0.00E+00
354.857	1.5032	1.5033	3.028329	3.028233	3.02E-02	181.597	34.718	-0.000097	0.0001	96.5362	-68.25802	-75.15876	-0.0719	0	0.0001	34.7194	34.7181	-0.0013	-0.000096	351	34.7194	34.7181	27.7848	27.7848	0.0001	-0.000096	-0.0013	0.00E+00
355.869	1.504	1.5038	3.028452	3.028328	3.06E-02	181.525	34.7182	-0.000123	-0.0003	96.5377	-68.25802	-75.15876	-0.0695	0	-0.0003	34.7195	34.7182	-0.0013	-0.000124	352	34.7195	34.7182	27.7848	27.7848	-0.0003	-0.000124	-0.0013	0.00E+00
356.881	1.5043	1.5042	3.028553	3.028445	3.03E-02	181.636	34.7186	-0.000109	-0.0001	96.5383	-68.25802	-75.15876	-0.0681	0	-0.0001	34.7199	34.7187	-0.0012	-0.000108	353	34.7199	34.7187	27.7851	27.7851	-0.0001	-0.000108	-0.0012	0.00E+00
357.892	1.5045	1.5044	3.028622	3.028507	3.07E-02	181.505	34.7186	-0.000114	-0.0001	96.5389	-68.25802	-75.15876	-0.0758	0	-0.0001	34.72	34.7186	-0.0014	-0.000115	354	34.72	34.7186	27.7852	27.7852	-0.0001	-0.000115	-0.0014	0.00E+00
358.904	1.5047	1.5047	3.028682	3.028579	2.93E-02	181.675	34.7186	-0.000102	0	96.5252	-68.25802	-75.15876	-0.0657	0	0	34.7199	34.7186	-0.0013	-0.000102	355	34.7199	34.7186	27.785	27.785	0	-0.000102	-0.0013	0.00E+00
359.916	1.5049	1.5051	3.028762	3.028663	3.05E-02	181.787	34.7186	-0.000099	0.0001	96.5316	-68.25802	-75.15876	-0.0733	0	0.0001	34.7201	34.7187	-0.0014	-0.000099	356	34.7201	34.7187	27.7852	27.7852	0.0001	-0.000099	-0.0014	0.00E+00
360.928	1.5052	1.5053	3.028818	3.028719	2.99E-02	181.639	34.7186	-0.000101	0	96.5297	-68.25802	-75.15876	-0.0697	0	0	34.7199	34.7186	-0.0013	-0.0001	357	34.7199	34.7186	27.7851	27.7851	0	-0.0001	-0.0013	0.00E+00
361.94	1.5052	1.5054	3.028879	3.028809	2.95E-02	181.776	34.719	-0.000071	0.0002	96.5495	-68.25802	-75.15876	-0.0759	0	0.0002	34.7202	34.719	-0.0011	-0.000071	358	34.7202	34.719	27.7853	27.7853	0.0002	-0.000071	-0.0011	0.00E+00
362.952	1.5054	1.5056	3.02898	3.02888	3.02E-02	181.855	34.7191	-0.0001	0.0002	96.5439	-68.25802	-75.15876	-0.0766	0	0.0002	34.7206	34.7191	-0.0015	-0.000099	359	34.7206	34.7191	27.7856	27.7856	0.0002	-0.000099	-0.0015	0.00E+00
363.964	1.5051	1.5053	3.029007	3.028906	2.97E-02	181.948	34.7192	-0.000102	0.0002	96.5444	-68.25802	-75.15876	-0.0758	0	0.0002	34.7207	34.7192	-0.0015	-0.000101	360	34.7207	34.7192	27.7857	27.7857	0.0002	-0.000101	-0.0015	0.00E+00
364.976	1.5047	1.5049	3.029054	3.028955	2.96E-02	182.335	34.7197	-0.000099	0.0002	96.5436	-68.25802	-75.15876	-0.0729	0	0.0002	34.7212	34.7197	-0.0015	-0.000099	361	34.7212	34.7197	27.7861	27.7861	0.0002	-0.000099	-0.0015	0.00E+00
365.988	1.5053	1.5052	3.029296	3.029199	2.97E-02	182.53	34.7218	-0.000096	0	96.5483	-68.25802	-75.15876	-0.0745	0	0	34.723	34.7218	-0.0012	-0.000097	362	34.723	34.7218	27.7875	27.7875	0	-0.000097	-0.0012	0.00E+00
367	1.4986	1.4998	3.028767	3.028735	2.89E-02	182.456	34.7215	-0.000033	0.0012	96.5439	-68.25802	-75.15876	-0.0744	0	0.0012	34.7231	34.7214	-0.0017	-0.000031	363	34.7231	34.7214	27.788	27.788	0.0012	-0.000031	-0.0017	0.00E+00
368.011	1.5001	1.4982	3.028875	3.028649	3.00E-02	182.451	34.7216	-0.000219	-0.0019	96.5551	-68.25802	-75.15876	-0.0577	0	-0.0019	34.7222	34.7214	-0.0007	-0.000226	364	34.7222	34.7214	27.7873	27.7873	-0.0019	-0.000226	-0.0007	0.00E+00
369.023	1.4948	1.4955	3.028514	3.028468	2.91E-02	182.636	34.7218	-0.00005	0.0007	96.5532	-68.25802	-75.15876	-0.0699	0	0.0007	34.7229	34.7216	-0.0014	-0.000046	365	34.7229	34.7216	27.7882	27.7882	0.0007	-0.000046	-0.0014	0.00E+00
370.035	1.4922	1.4924	3.028359	3.028257	2.96E-02	182.634	34.722	-0.000102	0.0001	96.5563	-68.25802	-75.15876	-0.0688	0	0.0001	34.7232	34.7218	-0.0014	-0.000101	366	34.7232	34.7218	27.7886	27.7886	0.0001	-0.000102	-0.0014	0.00E+00
371.047	1.4918	1.4919	3.028371	3.02826	3.03E-02	182.645	34.722	-0.000111	0.0001	96.5534	-68.25802	-75.15876	-0.0734	0	0.0001	34.7233	34.7217	-0.0015	-0.00011	367	34.7233	34.7217	27.7887	27.7887	0.0001	-0.000111	-0.0015	0.00E+00
372.059	1.4912	1.4913	3.028373	3.028266	3.05E-02	182.759	34.7222	-0.000107	0.0001	96.5594	-68.25802	-75.15876	-0.0727	0	0.0001	34.7234	34.7219	-0.0015	-0.000106	368	34.7234	34.7219	27.7888	27.7888	0.0001	-0.000107	-0.0014	0.00E+00
373.071	1.4897	1.4898	3.028293	3.02819	2.97E-02	182.796	34.7222	-0.000103	0.0001	96.5531	-68.25802	-75.15876	-0.0751	0	0.0001	34.7234	34.722	-0.0014	-0.000103	369	34.7234	34.722	27.7889	27.7889	0.0001	-0.000103	-0.0014	0.00E+00
374.083	1.489	1.4889	3.028275	3.028171	2.95E-02	182.862	34.7223	-0.000104	-0.0001	96.5538	-68.25802	-75.15876	-0.073	0	-0.0001	34.7234	34.7221	-0.0012	-0.000104	370	34.7234	34.7221	27.789	27.789	-0.0001	-0.000104	-0.0012	0.00E+00
375.095	1.4855	1.4858	3.028057	3.02796	2.94E-02	182.931	34.7226	-0.000097	0.0002	96.5422	-68.25802	-75.15876	-0.0719	0	0.0002	34.7238	34.7223	-0.0015	-0.000097	371	34.7238	34.7223	27.7896	27.7896	0.0002	-0.000097	-0.0015	0.00E+00
376.107	1.4837	1.4839	3.027962	3.027859	2.92E-02	182.958	34.7228	-0.000104	0.0001	96.5577	-68.25802	-75.15876	-0.0732	0	0.0001	34.724	34.7226	-0.0015	-0.000103	372	34.724	34.7226	27.7899	27.7899	0.0001	-0.000103	-0.0015	0.00E+00
377.119	1.4833	1.4833	3.027956	3.027847	2.96E-02	183.017	34.7227	-0.000109	0	96.563	-68.25802	-75.15876	-0.0737	0	0	34.7239	34.7225	-0.0014	-0.000109	373	34.7239	34.7225	27.7898	27.7898	0	-0.000109	-0.0014	0.00E+00
378.131	1.483	1.4831	3.027982	3.027877	2.98E-02	183.108	34.7227	-0.000105	0.0001	96.5716	-68.25802	-75.15876	-0.0735	0	0.0001	34.724	34.7226	-0.0014	-0.000105	374	34.724	34.7226	27.7899	27.7899	0.0001	-0.000105	-0.0014	0.00E+00
379.143	1.4832	1.4834	3.028044	3.027953	2.94E-02	183.108	34.7227	-0.000091	0.0002	96.5703	-68.25802	-75.15876	-0.0733	0	0.0002	34.7239	34.7226	-0.0013	-0.000091	375	34.7239	34.7226	27.7899	27.7899	0.0002	-0.000091	-0.0013	0.00E+00
380.155	1.4752	1.4755	3.027457	3.027383	2.90E-02	183.464	34.7237	-0.000074	0.0004	96.3917	-68.25802	-75.15876	-0.0669	0	0.0004	34.7248	34.7234	-0.0014	-0.000073	376	34.7248	34.7234	27.7911	27.7911	0.0004	-0.000073	-0.0014	0.00E+00
381.167	1.4724	1.4724	3.027258	3.027148	2.91E-02	183.486	34.7236	-0.000111	0.0001	96.5665	-68.25802	-75.15876	-0.0691	0	0.0001	34.7248	34.7233	-0.0015	-0.00011	377	34.7248	34.7233	27.7913	27.7913	0.0001	-0.00011	-0.0015	0.00E+00
382.179	1.4692	1.4691	3.027035	3.026924	2.88E-02	183.956	34.7239	-0.000111	-0.0001	96.5641	-68.25802	-75.15876	-0.0736	0	-0.0001	34.7248	34.7235	-0.0013	-0.000112	378	34.7248	34.7235	27.7916	27.7916	-0.0001	-0.000112	-0.0013	0.00E+00
383.191	1.4579	1.4575	3.026175	3.026009	2.95E-02	184.308	34.7247	-0.000165	-0.0004	96.5601	-68.25802	-75.15876	-0.0739	0	-0.0004	34.7258	34.7241	-0.0017	-0.000166	379	34.7258	34.7241	27.7932	27.7932	-0.0004	-0.000166	-0.0017	0.00E+00
384.203	1.4559	1.4571	3.026015	3.026018	2.94E-02	184.211	34.7245	-2.99E-07	0.0013	96.5723	-68.25802	-75.15876	-0.0717	0	0.0013	34.7254	34.7241	-0.0014	0.000003	380	34.7254	34.7241	27.793	27.793	0.0013	0.000003	-0.0014	0.00E+00
385.215	1.4553	1.4542	3.026019	3.025816	2.88E-02	184.365	34.7245	-0.000199	-0.001	96.5682	-68.25802	-75.15876	-0.0682	0	-0.001	34.7255	34.7241	-0.0014	-0.000203	381	34.7255	34.7241	27.7932	27.7932	-0.001	-0.000203	-0.0014	0.00E+00
386.227	1.4518	1.4516	3.025783	3.025656	2.88E-02	184.429	34.7248	-0.000127	-0.0002	96.5667	-68.25802	-75.15876	-0.0529	0	-0.0002	34.7258	34.7244	-0.0014	-0.000127	382	34.7258	34.7244	27.7936	27.7936	-0.0002	-0.000127	-0.0014	0.00E+00
387.239	1.452	1.4519	3.02583	3.025717	2.89E-02	184.242	34.7245	-0.000113	0	96.5676	-68.25802	-75.15876	-0.0625	0	0	34.7256	34.7242	-0.0014	-0.000113	383	34.7256	34.7242	27.7935	27.7935	0	-0.000113	-0.0014	0.00E+00
388.251	1.4513	1.4514	3.025849	3.025733	2.90E-02	184.409	34.7247	-0.000115	0.0001	96.5542	-68.25802	-75.15876	-0.0763	0	0.0001	34.726	34.7245	-0.0015	-0.000116	384	34.726	34.7245	27.7939	27.7939	0.0001	-0.000116	-0.0015	0.00E+00
389.263	1.4496	1.4496	3.025759	3.025646	2.87E-02	184.563	34.7249	-0.000113	0	96.5644	-68.25802	-75.15876	-0.0715	0	0	34.7262	34.7247	-0.0015	-0.000113	385	34.7262	34.7247	27.7941	27.7941	0	-0.000113	-0.0015	0.00E+00
390.275	1.4498	1.45	3.0258	3.025711	2.91E-02	184.518	34.7247	-0.000091	0.0002	96.5237	-68.25802	-75.15876	-0.0735	0	0.0002	34.7259	34.7246	-0.0014	-0.000089	386	34.7259	34.7246	27.7939	27.7939	0.0002	-0.000089	-0.0014	0.00E+00
391.287	1.4491	1.4492	3.025811	3.025696	2.86E-02	184.524	34.7247	-0.000115	0.0001	96.5563	-68.25802	-75.15876	-0.072	0	0.0001	34.7262	34.7246	-0.0015	-0.000115	387	34.7262	34.7246	27.7941	27.7941	0.0001	-0.000115	-0.0015	0.00E+00
392.299	1.4487	1.4491	3.025811	3.025722	2.91E-02	184.504	34.7246	-0.00009	0.0004	96.566	-68.25802	-75.15876	-0.0709	0	0.0004	34.7261	34.7245	-0.0016	-0.000089	388	34.7261	34.7245	27.7941	27.7941	0.0004	-0.000089	-0.0016	0.00E+00
393.311	1.4491	1.4489	3.025885	3.02577	2.87E-02	184.518	34.7248	-0.000115	-0.0001	96.5574	-68.25802	-75.15876	-0.0702	0	-0.0001	34.7261	34.7247	-0.0013	-0.000116	389	34.7261	34.7247	27.7941	27.7941	-0.0001	-0.000115	-0.0013	0.00E+00
394.323	1.4491	1.4489	3.025946	3.025808	2.84E-02	184.523	34.7247	-0.000137	-0.0003	96.5588	-68.25802	-75.15876	-0.0689	0	-0.0003	34.7261	34.7247	-0.0014	-0.000138	390	34.7261	34.7247	27.7941	27.7941	-0.0003	-0.000138	-0.0014	0.00E+00
395.335	1.449	1.449	3.02598	3.025865	2.86E-02	184.475	34.7247	-0.000115	0	96.5705	-68.25802	-75.15876	-0.0697	0	0	34.7261	34.7247	-0.0015	-0.000115	391	34.7261	34.7247	27.7941	27.7941	0	-0.000115	-0.0015	0.00E+00
396.347	1.4488	1.4487	3.026009	3.025899	2.90E-02	184.483	34.7248	-0.00011	0	96.5539	-68.25802	-75.15876	-0.0719	0	0	34.7262	34.7248	-0.0014	-0.00011	392	34.7262	34.7248	27.7942	27.7942	0	-0.00011	-0.0014	0.00E+00
397.359	1.4488	1.4488	3.026043	3.025938	2.88E-02	184.434	34.7247	-0.000105	0	96.5665	-68.25802	-75.15876	-0.0746	0	0	34.7261	34.7247	-0.0013	-0.000105	393	34.7261	34.7247	27.7941	27.7941	0	-0.000105	-0.0014	0.00E+00
398.371	1.4486	1.449	3.026082	3.026004	2.87E-02	184.59	34.7247	-0.00008	0.0004	96.5576	-68.25802	-75.15876	-0.0524	0	0.0004	34.7261	34.7247	-0.0014	-0.000078	394	34.7261	34.7247	27.7941	27.7941	0.0004	-0.000078	-0.0014	0.00E+00
399.383	1.4492	1.4492	3.02618	3.026064	2.87E-02	184.552	34.7247	-0.000116	-0.0001	96.5564	-68.25802	-75.15876	-0.0713	0	-0.0001	34.7261	34.7247	-0.0014	-0.000116	395	34.7261	34.7247	27.7941	27.7941	-0.0001	-0.000116	-0.0014	0.00E+00
400.395	1.4501	1.4499	3.026296	3.026165	2.85E-02	184.308	34.7246	-0.00013	-0.0002	96.5646	-68.25802	-75.15876	-0.0767	0	-0.0002	34.7261	34.7246	-0.0015	-0.00013	396	34.7261	34.7246	27.794	27.794	-0.0002	-0.00013	-0.0015	0.00E+00
401.407	1.4506	1.4505	3.026383	3.026273	2.85E-02	184.413	34.7247	-0.000111	0	96.55	-68.25802	-75.15876	-0.0704	0	0	34.7261	34.7247	-0.0014	-0.00011	397	34.7261	34.7247	27.794	27.794	0	-0.00011	-0.0014	0.00E+00
402.419	1.4503	1.4503	3.026402	3.026294	2.87E-02	184.448	34.7247	-0.000108	0	96.5359	-68.25802	-75.15876	-0.0558	0	0	34.7261	34.7247	-0.0014	-0.000109	398	34.7261	34.7247	27.794	27.794	0	-0.000109	-0.0014	0.00E+00
403.432	1.4506	1.4509	3.026472	3.026377	2.87E-02	184.475	34.7245	-0.000095	0.0002	96.537	-68.25802	-75.15876	-0.0736	0	0.0002	34.7259	34.7245	-0.0015	-0.000094	399	34.7259	34.7245	27.7938	27.7938	0.0002	-0.000094	-0.0015	0.00E+00
404.444	1.4516	1.4516	3.026591	3.026484	2.85E-02	184.471	34.7244	-0.000106	0	96.5662	-68.25802	-75.15876	-0.0622	0	0	34.7258	34.7245	-0.0014	-0.000106	400	34.7258	34.7245	27.7937	27.7937	0	-0.000106	-0.0014	0.00E+00
405.456	1.4509	1.451	3.026589	3.026484	2.84E-02	184.506	34.7245	-0.000105	0.0002	96.5552	-68.25802	-75.15876	-0.0706	0	0.0001	34.726	34.7245	-0.0015	-0.000105	401	34.726	34.7245	27.7939	27.7939	0.0001	-0.000105	-0.0015	0.00E+00
406.468	1.4498	1.4499	3.026542	3.026449	2.82E-02	184.419	34.7247	-0.000094	0.0002	96.5578	-68.25802	-75.15876	-0.07	0	0.0002	34.7261	34.7247	-0.0014	-0.000093	402	34.7261	34.7247	27.794	27.794	0.0002	-0.000093	-0.0014	0.00E+00
407.48	1.4503	1.4499	3.026626	3.026495	2.84E-02	184.464	34.7247	-0.00013	-0.0004	96.5654	-68.25802	-75.15876	-0.0731	0	-0.0004	34.726	34.7247	-0.0013	-0.000131	403	34.726	34.7247	27.7939	27.7939	-0.0004	-0.000131	-0.0013	0.00E+00
408.492	1.4499	1.4499	3.02665	3.026549	2.84E-02	184.58	34.7248	-0.000102	0	96.5375	-68.25802	-75.15876	-0.0712	0	0	34.7261	34.7248	-0.0013	-0.000101	404	34.7261	34.7248	27.7941	27.7941	0	-0.000101	-0.0013	0.00E+00
409.504	1.45	1.4501	3.026701	3.026603	2.83E-02	184.378	34.7248	-0.000098	0.0001	96.5615	-68.25802	-75.15876	-0.075	0	0.0001	34.7261	34.7247	-0.0014	-0.000098	405	34.7261	34.7247	27.794	27.794	0.0001	-0.000098	-0.0014	0.00E+00
410.516	1.4499	1.4498	3.026742	3.026627	2.83E-02	184.431	34.7248	-0.000114	-0.0001	96.5567	-68.25802	-75.15876	-0.0739	0	-0.0001	34.7262	34.7248	-0.0014	-0.000114	406	34.7262	34.7248	27.7941	27.7941	-0.0001	-0.000114	-0.0014	0.00E+00
411.528	1.4498	1.4499	3.026778	3.026673	2.83E-02	184.489	34.7247	-0.000106	0.0001	96.566	-68.25802	-75.15876	-0.074	0	0.0001	34.7261	34.7247	-0.0014	-0.000106	407	34.7261	34.7247	27.794	27.794	0.0001	-0.000106	-0.0014	0.00E+00
412.541	1.45	1.4502	3.026837	3.026743	2.84E-02	184.46	34.7247	-0.000094	0.0002	96.5579	-68.25802	-75.15876	-0.076	0	0.0002	34.7261	34.7247	-0.0014	-0.000094	408	34.7261	34.7247	27.794	27.794	0.0002	-0.000094	-0.0014	0.00E+00
413.553	1.4495	1.4496	3.026853	3.026747	2.83E-02	184.509	34.7248	-0.000107	0.0001	96.5641	-68.25802	-75.15876	-0.076	0	0.0001	34.7263	34.7248	-0.0015	-0.000106	409	34.7263	34.7248	27.7942	27.7942	0.0001	-0.000106	-0.0015	0.00E+00
414.565	1.4495	1.4495	3.026888	3.026778	2.85E-02	184.469	34.7248	-0.000109	0	96.5526	-68.25802	-75.15876	-0.0773	0	0	34.7262	34.7247	-0.0014	-0.000109	410	34.7262	34.7247	27.7941	27.7941	0	-0.000109	-0.0014	0.00E+00
415.577	1.4496	1.4496	3.026945	3.026835	2.84E-02	184.471	34.7247	-0.00011	0	96.5187	-68.25802	-75.15876	-0.0724	0	0	34.7261	34.7247	-0.0014	-0.00011	411	34.7261	34.7247	27.7941	27.7941	0	-0.00011	-0.0014	0.00E+00
